0.0
16.6666666667
0.0
0.0
0.0
16.6666666667
0.0
0.0
0.0
0.0
0.0
0.0
0.0
0.0
0.0
0.0
0.0
0.0
0.0
0.0
0.0
16.6666666667
0.0
0.0
0.0
0.0
0.0
0.0
0.0
0.0
0.0
0.0
0.0
0.0
11.7324561404
31.4487390351
0.0
0.0
0.0
0.0
0.0
0.0
0.0
16.6666666667
0.0
16.6666666667
0.0
16.6666666667
16.6666666667
0.0
0.0
0.0
0.0
0.0
0.0
36.2938596491
0.0
0.0
0.0
0.0
0.0
0.0
0.0
0.0
0.0
36.4583333333
0.0
0.0
16.6666666667
0.0
0.0
0.0
0.0
0.0
0.0
0.0
29.5138888889
0.0
0.0
0.0
0.0
0.0
0.0
0.0
0.0
0.0
0.0
0.0
0.0
0.0
0.0
0.0
16.6666666667
33.3333333333
0.0
0.0
0.0
0.0
0.0
0.0
0.0
0.0
0.0
0.0
0.0
0.0
0.0
0.0
0.0
0.0
0.0
15.5381944444
0.0
0.0
24.1319444444
0.0
0.0
0.0
0.0
0.0
0.0
0.0
0.0
0.0
32.3647660819
0.0
12.9774305556
0.0
27.9970760234
35.5034722222
0.0
0.0
0.0
16.6666666667
0.0
0.0
0.0
0.0
0.0
0.0
0.0
0.0
0.0
0.0
0.0
0.0
0.0
0.0
0.0
0.0
0.0
33.3333333333
0.0
16.6666666667
33.3333333333
0.0
0.0
0.0
0.0
0.0
0.0
0.0
0.0
0.0
16.6666666667
0.0
16.6666666667
0.0
0.0
0.0
0.0
0.0
0.0
0.0
0.0
0.0
0.0
16.6666666667
0.0
15.6684027778
0.0
0.0
0.0
0.0
0.0
0.0
19.6797331871
3.45394736842
0.0
0.0
0.0
0.0
0.0
0.0
0.0
0.0
0.0
16.6666666667
31.5104166667
0.0
32.3647660819
0.0
0.0
0.0
0.0
0.0
35.6359649123
0.0
50.0
0.0
0.0
0.0
0.0
0.0
0.0
0.0
46.1805555556
0.0
0.0
0.0
0.0
0.0
0.0
0.0
0.0
0.0
0.0
0.0
0.0
40.5701754386
46.0503472222
0.0
0.0
0.0
16.6666666667
0.0
0.0
0.0
0.0
0.0
0.0
0.0
0.0
0.0
0.0
0.0
0.0
0.0
0.0
0.0
0.0
0.0
0.0
0.0
0.0
0.0
0.0
0.0
0.0
0.0
25.8337902047
0.0
0.0
0.0
0.0
0.0
0.0
0.0
0.0
0.0
0.0
16.6666666667
0.0
0.0
0.0
0.0
0.0
16.6666666667
0.0
0.0
0.0
45.9201388889
35.1425438596
0.0
0.0
0.0
0.0
16.6666666667
0.0
0.0
0.0
0.0
0.0
0.0
16.6666666667
0.0
0.0
0.0
0.0
0.0
