0.0
21.3641512722
0.0
0.0
23.3388687701
0.0
0.0
0.0
23.3974634045
0.0
0.0
20.7712472406
4.19426048565
12.3556809044
0.0
0.0
9.71302428256
7.39514348786
23.3926600442
0.0
32.4016108577
0.0
24.4343267108
0.0
0.0
0.0
12.3363544814
0.0
0.0
0.0
0.0
7.06401766004
6.29405840886
21.3093267108
0.0
0.0
0.0
19.0615196933
0.0
0.0
0.0
0.0
0.0
21.8887969095
0.0
0.0
0.0
25.5129160413
0.0
22.3509933775
0.0
0.0
36.0403824746
0.0
0.0
0.0
19.9991687631
0.0
28.4373840445
0.0
0.0
24.4343267108
0.0
29.6426600442
0.0
3.47682119205
12.3620309051
24.3063394792
0.0
19.9877512697
26.5875572191
0.0
0.0
0.0
26.5176600442
0.0
16.5711775299
0.0
23.4754743156
2.26269315673
24.4343267108
0.0
1.96374622356
16.9781863599
19.4452916231
0.0
24.4343267108
0.0
24.4343267108
18.4893110259
0.0
0.0
19.6097653073
3.42163355408
0.0
0.0
0.0
35.71400641
0.0
17.6750081698
10.447103078
0.0
13.9979859013
0.0
0.0
12.3620309051
0.0
0.0
0.0
0.0
0.0
0.0
0.0
0.0
0.0
0.0
0.0
24.4343267108
0.0
0.0
0.0
12.3620309051
0.0
23.9169426049
0.0
0.0
0.0
0.0
0.883002207506
0.0
23.3926600442
0.0
0.0
0.0
0.0
0.0
0.0
12.3620309051
5.40838852097
0.0
0.0
19.3904670617
0.0
9.71302428256
0.0
0.0
0.0
0.0
0.0
24.4343267108
0.0
7.22958057395
18.1087284538
0.0
0.0
18.2391512722
0.0
29.6426600442
29.6426600442
0.0
24.4343267108
0.0
0.0
0.0
0.0
0.0
0.0
0.0
0.0
0.0
22.6155094638
0.0
23.5765128029
0.0
20.2128354827
29.6426600442
0.0
0.0
0.0
16.2654670617
0.0
16.4847653073
0.0
0.0
0.0
16.9233617985
29.6426600442
0.0
30.6937677984
0.0
16.2654670617
19.9387126757
0.0
0.0
12.3620309051
21.5072034391
0.0
19.2259933775
0.0
0.0
0.0
14.6152204504
29.8525511136
0.0
31.7610275238
0.0
27.1248959094
4.80132450331
0.0
0.0
9.71302428256
22.0967325383
19.2739907832
0.0
12.3620309051
17.1426600442
0.0
0.0
0.0
15.0110375276
11.0278780937
0.0
19.8838881143
0.0
7.22958057395
19.8838881143
16.5944144301
18.4036249564
22.1865196933
19.0615196933
19.6097653073
16.4847653073
18.6777477634
0.0
0.0
24.4343267108
0.0
0.0
0.0
23.4340507726
0.0
0.0
15.6870860927
0.0
29.2975705768
15.1689758336
17.8225433998
21.1782560706
4.41501103753
23.4279398979
0.0
0.0
16.5395898687
19.9387126757
20.8264348786
0.0
6.0706401766
0.0
0.0
0.0
0.0
0.0
0.0
0.0
0.0
11.0582229581
0.0
0.0
31.473626584
20.1031863599
32.2169299334
0.0
0.0
0.0
9.71302428256
23.099820695
29.6426600442
0.0
0.0
21.5286249564
27.3887246013
0.0
21.1448530266
14.8716161264
19.0282307277
14.6258503401
0.0
0.0
15.8268705705
22.4406732892
25.2345474614
26.6416946204
0.0
12.9159080451
0.0
0.0
0.0
0.0
0.0
10.0704934542
