16.6666666667
16.6666666667
16.6666666667
38.3478906491
33.089706914
16.8465847878
33.2836966406
37.7597402374
31.8463181253
34.6864546054
39.2038107632
16.6666666667
24.8538011696
37.3022657854
27.9239766082
48.4961603185
38.0388083857
35.7089626505
23.6842105263
24.7076023392
31.2865497076
38.3967016088
38.8368860905
27.5131182688
26.7828103119
13.6904761905
16.6666666667
32.6837552964
16.6666666667
31.2865497076
23.8791423002
38.4565491236
37.0852820974
35.8717445106
27.0730888646
17.007797271
58.1247689018
46.805614806
59.862654941
34.8092641872
38.3552777486
41.9248521502
28.2814427647
27.9727095517
18.8596491228
16.6666666667
35.1288650769
33.8846465833
44.4976534435
45.9066535742
51.5204878178
16.6666666667
45.8211964089
16.6666666667
38.6352829291
27.485380117
40.6018370016
49.738468854
31.2865497076
60.2104816749
13.1868131868
43.631118772
30.6273950379
27.7290448343
23.8791423002
28.4593437946
40.8025420407
16.6666666667
53.1880168504
38.9185040585
16.6666666667
50.7939785269
15.521978022
15.114019967
16.6666666667
16.4526866381
42.201616738
33.8314598872
44.363728683
24.7721742049
31.2865497076
8.24175824176
37.1832358674
61.3413931786
33.9385672932
27.6803118908
36.8500304494
14.6198830409
52.7655759353
39.0752698039
7.94346978558
27.7290448343
41.0777792658
30.7032892195
16.6666666667
27.9239766082
23.8304093567
31.2865497076
29.0276172801
16.6666666667
37.9475713338
8.42490842491
40.7254465217
32.6880176129
51.0517980981
16.6666666667
34.8303393214
44.368796129
44.4257491974
47.3844104635
16.6666666667
28.2691393248
23.9766081871
16.6666666667
31.2865497076
66.5918932191
26.4577721949
43.5189385476
41.1752451527
51.6924443777
45.648172188
31.2865497076
47.9532163743
36.8076503932
59.2710229864
39.3331164335
16.6666666667
35.8521134604
58.3209272823
59.168193688
16.6666666667
16.6666666667
7.78388278388
7.32600732601
28.9804480994
16.6666666667
37.6604850214
44.6349875135
56.9641531313
31.8163594492
16.6666666667
65.5435907213
35.8685587006
35.0156412322
55.9634940895
49.8811222064
16.6666666667
41.9638611507
31.2865497076
34.2520892095
48.2519981435
42.9587640046
43.5158742921
61.171949966
48.9772950533
50.0636132316
24.3177387914
28.2621178878
16.6666666667
23.8791423002
16.6666666667
41.7817005077
23.7816764133
56.967021734
7.60233918129
16.6666666667
41.5443513542
40.2859292136
31.2865497076
37.1747732605
16.6666666667
58.380318047
52.1479708334
16.6666666667
55.3711906967
16.6666666667
43.9773352808
60.0453104772
40.3538433968
31.2865497076
64.4856897978
25.7489300999
32.8816052106
7.35867446394
41.5673433272
43.6833125021
57.1670513659
27.7777777778
44.6699554982
40.5814027858
39.7133115949
27.2705658583
44.4091663244
23.2287208749
27.8752436647
31.2865497076
43.0150772859
37.9555227458
35.3745554249
16.6666666667
24.3177387914
38.5960888347
16.6666666667
34.8590715411
73.0538073527
50.0
37.3079884405
42.8890223657
66.7827329137
64.0332531623
60.6919727848
66.9735726084
24.4152046784
45.5778116636
52.5550373191
0.0
42.5607415696
33.3333333333
41.7105937903
16.6666666667
17.325109531
28.9159277596
45.925706403
43.937232525
33.7592078151
39.1087085283
23.9766081871
24.7076023392
36.6856871136
40.9869776677
16.8615984405
20.9868255433
37.1510426603
36.598510065
50.288915874
41.4910514097
11.9047619048
61.276415031
15.0641025641
41.7320638149
16.6666666667
6.68498168498
34.8091251489
16.6666666667
31.2865497076
45.9678541687
16.6666666667
59.9072958052
16.6666666667
60.2295409182
40.4200104767
45.2428026795
23.1496807541
38.7282995887
36.5153078775
18.8324633046
24.269005848
42.5561645436
16.6666666667
34.5828366802
45.7658649715
52.9684688818
48.2018528585
8.74940561103
39.1324840871
34.03012405
38.2290840398
16.6666666667
16.6666666667
76.5469061876
59.7841614214
16.6666666667
16.6666666667
23.4656418158
57.6659524128
12.3626373626
59.1532341878
37.8585803268
16.6666666667
31.2865497076
45.0151059027
44.6040706481
40.3267450467
67.998026771
34.5913523705
43.126777953
16.6666666667
17.9267712791
48.6685687114
40.5458089669
16.6666666667
30.173992674
31.2865497076
16.6666666667
34.6339676263
24.4152046784
41.0583043438
9.2032967033
39.7733723884
16.6666666667
