14.0503875969
0.0
35.1530349794
14.1230620155
0.0
9.13275193798
14.1230620155
9.54457364341
0.0
10.9496124031
9.25028710881
0.0
0.0
0.0
8.86627906977
7.02519379845
0.0
0.0
0.0
7.7761627907
0.0
9.08430232558
0.0
12.1701239353
7.96996124031
11.9105297158
0.0
9.13275193798
5.74127906977
7.41279069767
13.9959565509
0.0
0.0
0.0
8.37168927649
0.0868055555556
10.4166666667
0.0
9.3265503876
4.31201550388
7.55813953488
9.78480297158
15.0678294574
0.0
12.8478203656
12.3062015504
9.59302325581
0.0
7.44299693751
0.0
8.67248062016
0.954861111111
0.0
10.5034722222
12.6028806584
4.07986111111
0.0
11.6521317829
0.0
13.9777131783
1.6230620155
0.0
9.27810077519
0.0
11.4341085271
0.0
0.0
0.0
10.1986434109
0.0
0.0
16.4880087209
20.433624031
7.09786821705
0.0
6.68604651163
0.0
7.31589147287
0.0
0.0
0.0
5.93507751938
0.0
0.0
0.0
12.257751938
0.0
9.64147286822
0.0
0.0
9.49612403101
7.81205139248
0.0
0.0
11.9670542636
10.2470930233
11.5552325581
0.0
0.0
0.0
0.0
7.59372906498
0.0
4.60271317829
11.7248062016
0.0
12.8206048426
8.97484209015
9.47189922481
10.9496124031
7.43701550388
8.74515503876
4.38468992248
18.3149628553
21.2542393411
24.8517352139
16.6666666667
0.0
6.10465116279
0.0
6.08042635659
0.0
8.03605608192
0.0
11.6279069767
9.56879844961
27.7611045315
9.52034883721
0.0
14.4137596899
0.0
11.7288436693
20.8070897933
8.72093023256
12.7443415638
14.3410852713
9.3507751938
0.0
0.0
3.1007751938
11.1918604651
0.0
7.24321705426
0.0
5.20833333333
1.5988372093
6.92829457364
8.43023255814
9.95639534884
0.0
9.64416451335
0.0
0.0
4.38468992248
6.66182170543
0.0
9.95639534884
0.0
0.0
11.3372093023
0.0
13.2751937984
10.0290697674
12.2335271318
13.9777131783
18.9757991195
5.93507751938
10.0532945736
11.1635981912
11.4593427003
0.0
52.8879050218
0.0
9.13275193798
0.0
0.0
0.78125
10.9980620155
9.08430232558
0.0
17.8136065652
0.0
22.3451032994
1.47569444444
5.35368217054
0.0
0.0
19.0143793664
0.0
28.6912922289
0.0
0.0
6.34689922481
9.4234496124
0.0
0.0
12.6905086611
0.0
10.3439922481
28.4526330271
11.6036821705
0.0
0.0
9.51197483013
0.0
5.37790697674
0.0
0.0
7.92151162791
13.9534883721
0.0
0.0
0.0
0.0
0.0
0.0
7.7761627907
3.90019379845
14.1715116279
0.0
0.0
10.1744186047
0.0
10.9082283592
0.0
0.0
0.0
0.0
0.0
0.0
0.0
0.0
0.0
9.66569767442
9.15936931764
0.0
10.1744186047
15.503875969
10.0048449612
0.0
2.08333333333
9.3023255814
0.0
13.7764379366
0.0
0.0
0.0
0.0
0.0
0.0
42.3200989392
11.2645348837
0.0
0.0
0.0
9.06007751938
0.0
17.6245932625
12.9340277778
9.3023255814
14.0503875969
9.83527131783
9.08430232558
14.0988372093
7.12209302326
0.0
11.5552325581
8.26065891473
0.0
0.0
0.0
7.8003875969
5.24467054264
10.9980620155
0.0
0.0
0.0
11.7974806202
11.7248062016
0.0
0.0
14.2441860465
0.0
0.0
0.0
0.0
1.04166666667
13.9053378314
0.0
0.0
0.0
0.0
12.7664728682
0.0
8.41497990238
11.3372093023
11.0222868217
14.1230620155
10.7800387597
0.0
