35.368956743
36.011288906
33.3333333333
29.4117647059
13.137254902
30.5349157207
25.6862745098
33.3333333333
7.8431372549
42.5328592976
29.6078431373
31.6952193136
29.8039215686
33.3333333333
5.08796956728
33.3333333333
33.3333333333
0.0
14.5981930575
29.477124183
0.0
34.5004668534
0.0
29.8039215686
0.0
50.0
29.6078431373
39.4436519258
33.6371975691
48.4634789588
31.0038417403
28.8235294118
26.2091503268
35.2417302799
40.068367878
31.568627451
35.368956743
29.7385620915
35.4961832061
0.0
53.5689714482
40.6829853602
33.3333333333
50.0
29.4117647059
50.1461988304
29.6078431373
33.3333333333
33.8820089439
40.7751842311
38.305044915
46.7948717949
35.0659328059
33.3333333333
50.0
36.3867684478
42.4804280687
42.9411764706
46.5359477124
46.0622710623
50.0
46.5359477124
0.0
25.6862745098
0.0
0.0
29.6078431373
29.8039215686
29.6732026144
34.5396107161
34.9125547655
46.1437908497
29.8039215686
32.2795988624
19.5928753181
42.0141133376
29.6732026144
30.3181974544
42.4183006536
46.2745098039
29.8039215686
0.0
31.7158110063
32.4343538585
50.0
0.0
32.3529411765
31.3134961587
34.7818358112
26.1437908497
29.6078431373
46.339869281
35.4961832061
0.0
9.80392156863
25.8823529412
31.5162400838
31.8360524872
28.7581699346
0.0
29.8692810458
29.1719573817
35.1282051282
37.2376642965
36.2378167641
0.0
7.00154420743
0.0
40.7344341245
0.0
33.3333333333
29.6078431373
50.6651243493
35.7315674808
0.0
29.8039215686
48.8767324294
26.0130718954
44.0573530357
21.0463249627
0.0
33.3333333333
35.4961832061
50.0
29.8692810458
47.3450213908
29.6078431373
33.3333333333
29.5424836601
33.3333333333
43.4605839637
30.3181974544
33.3333333333
29.9346405229
51.2118972645
29.8039215686
33.3333333333
36.8380919619
34.9971176055
29.8039215686
33.3333333333
35.3801169591
28.7581699346
33.3333333333
45.1923076923
31.5405343424
0.0
33.3333333333
29.6078431373
33.3333333333
29.1176470588
33.3333333333
38.4243831902
29.8039215686
29.4117647059
27.6470588235
34.9205979123
33.3333333333
34.2105263158
50.0
28.7581699346
0.0
31.3890136207
33.3333333333
36.5434009861
34.9453193179
38.3528265107
29.6078431373
29.6078431373
35.1364522417
0.0
40.3846153846
29.8039215686
29.4117647059
33.3343067321
25.8273133815
36.4791881665
0.0
23.3333333333
25.8823529412
29.6078431373
20.523953171
29.6078431373
0.0
0.0
36.8131868132
49.5883499599
29.4117647059
25.8823529412
34.4913436112
31.3725490196
33.3333333333
29.6078431373
33.3333333333
33.3333333333
34.1245270038
32.8157466315
29.5424836601
32.2901288545
44.5011882396
32.5151932118
29.8692810458
46.4705882353
34.352711845
36.0353179261
36.4522417154
34.692122463
29.6078431373
7.46552543985
39.1799540329
50.0
33.3333333333
30.4684095861
28.7581699346
30.7952069717
33.3333333333
30.0
44.5702113504
0.0
35.5823400741
37.6705653021
0.0
36.0136452242
41.4926739927
37.5269338505
26.4052287582
37.5730994152
0.0
35.8135534916
42.1144868204
37.1471161564
44.7344322344
20.1571051626
30.7608072469
28.7581699346
29.6732026144
40.8869395712
31.4543730978
37.4245852187
41.7936148819
0.0
36.3867684478
34.4941822883
45.0091575092
33.6194243779
35.641384759
50.0
0.0
25.8823529412
0.0
29.6732026144
31.5032679739
30.0
0.0
36.3972021557
33.4393991515
18.4967320261
0.0
28.5576011575
47.1153846154
36.8535718381
31.5162400838
34.6772159156
35.9639861343
35.2417302799
31.1695906433
35.2417302799
0.0
41.0180995475
14.7807214489
39.1403657575
37.134502924
30.0
31.0377250315
45.1923076923
33.3333333333
33.3333333333
14.631043257
33.390666208
41.4273145155
29.5424836601
47.0272746976
50.4626762986
47.8505527267
47.8630943472
41.2280701754
33.4422657952
29.4117647059
46.6666666667
34.8600508906
50.0
46.2745098039
43.1387648135
41.4731020613
31.3777089783
33.6452241715
32.8528838436
29.6078431373
34.6594427245
30.4121365058
