9.54248366013
0.0
21.5406562054
6.47058823529
6.47058823529
0.0
4.11764705882
3.66013071895
12.5490196078
12.5490196078
12.5490196078
40.699281139
41.4838745769
12.5490196078
12.5490196078
4.11764705882
12.5490196078
12.5490196078
11.568627451
12.5490196078
6.47058823529
0.0
12.5490196078
3.85620915033
4.90196078431
43.2194903639
9.54248366013
12.5490196078
42.6726525132
12.5490196078
12.5490196078
12.5490196078
4.64052287582
6.47058823529
0.0
0.0
12.5490196078
21.5406562054
6.47058823529
10.1324904665
12.5490196078
4.0522875817
12.5490196078
0.0
12.5490196078
0.0
4.83660130719
0.0
0.0
12.5490196078
9.54248366013
4.24836601307
12.5490196078
12.5490196078
23.7993342844
0.0
6.47058823529
4.44444444444
4.83660130719
38.702134206
12.5490196078
22.444127437
12.5490196078
12.5490196078
12.5490196078
0.0
12.5490196078
41.3412212246
0.0
12.5490196078
12.5490196078
40.8181589326
12.5490196078
40.6755055803
28.0543201589
12.5490196078
0.0
12.5490196078
6.47058823529
6.47058823529
22.8958630528
12.5490196078
12.5490196078
5.03267973856
12.5490196078
12.5490196078
3.66013071895
12.5490196078
12.5490196078
6.47058823529
43.0530614528
12.5490196078
0.0
0.0
12.5490196078
4.0522875817
12.5490196078
4.0522875817
12.5490196078
9.54248366013
12.5490196078
24.9405611032
3.92156862745
4.11764705882
42.5299991609
4.44444444444
3.85620915033
45.8823529412
3.72549019608
45.8823529412
24.4650499287
0.0
12.5490196078
12.5490196078
0.0
21.7308606752
4.11764705882
9.54248366013
12.5490196078
3.72549019608
12.5490196078
4.24836601307
12.5490196078
40.8657100501
0.0
3.72549019608
0.0
12.5490196078
0.0
0.0
54.29890073
12.5490196078
12.5490196078
0.0
22.0874940561
12.5490196078
44.075410478
21.6357584403
3.66013071895
30.8485543528
4.50980392157
4.44444444444
31.1459819306
12.5490196078
12.5490196078
1.96078431373
22.444127437
12.5490196078
12.5490196078
12.5490196078
22.1112696148
0.0
12.5490196078
0.0
0.0
12.5490196078
12.5490196078
23.5140275796
12.5490196078
6.47058823529
12.5490196078
12.5490196078
24.9167855445
12.5490196078
0.0
12.5490196078
0.0
21.0889205896
41.0559145199
12.5490196078
12.5490196078
12.5490196078
4.50980392157
12.5490196078
6.47058823529
12.5490196078
1.96078431373
0.0
1.30718954248
0.0
12.5490196078
12.5490196078
12.5490196078
12.5490196078
12.5490196078
38.7186102511
0.0
0.0
12.5490196078
6.47058823529
4.64052287582
12.5490196078
12.5490196078
12.5490196078
6.47058823529
4.3137254902
12.5490196078
0.0
0.0
4.44444444444
0.0
43.3145925988
0.915032679739
12.5490196078
41.3174456659
12.5490196078
0.0
12.5490196078
0.0
12.5490196078
12.5490196078
12.5490196078
12.5490196078
9.54248366013
16.7379933428
31.596878409
0.0
28.1497021062
12.5490196078
37.9650918855
23.0385164051
5.03267973856
6.47058823529
12.5490196078
12.5490196078
0.849673202614
40.3901988756
6.47058823529
4.11764705882
0.0
0.0
12.5490196078
12.5490196078
6.47058823529
0.0
12.5490196078
1.17647058824
12.5490196078
3.72549019608
12.5490196078
22.705658583
6.47058823529
12.5490196078
12.5490196078
42.0069368689
12.5490196078
12.5490196078
12.5490196078
12.5490196078
23.5853542558
21.9686162625
12.5490196078
9.54248366013
23.7755587256
4.90196078431
12.5490196078
11.568627451
12.5490196078
21.2791250594
6.47058823529
0.0
12.5490196078
9.54248366013
12.5490196078
4.44444444444
43.0055103354
9.54248366013
12.5490196078
3.85620915033
9.54248366013
3.92156862745
0.0
30.8603955134
29.8256459027
42.4586724847
12.5490196078
11.568627451
0.0
4.3137254902
12.5490196078
21.568627451
0.0
0.0
12.5490196078
12.5490196078
3.92156862745
12.5490196078
0.0
16.7151475975
21.7784117927
21.8259629101
12.5490196078
12.5490196078
38.8685631171
0.0
4.3137254902
12.5490196078
12.5490196078
4.3137254902
6.47058823529
