0.0
23.4642497482
12.9139072848
0.0
17.9276315789
29.1583850109
9.1059602649
27.8189988543
36.3768442547
24.16918429
0.0
0.0
0.0
32.974572004
33.2587984311
23.1117824773
16.8177240685
0.0
0.0
19.889224572
19.6878147029
15.0110375276
0.0
0.0
19.7885196375
17.2067975724
0.0
20.1425224773
16.8610301263
0.0
0.0
29.2196692638
25.27693857
4.96688741722
4.08388520971
19.7381671702
0.0
31.5439857428
16.9687814703
18.2275931521
0.0
0.0
4.30463576159
16.6666666667
4.96688741722
32.6988440528
0.0
12.8587196468
0.0
20.1913393756
25.27693857
0.0
16.918429003
16.8177240685
37.5887774186
0.0
25.3272910373
25.902203583
0.0
0.0
34.6758211269
0.0
0.0
16.7673716012
4.08388520971
0.0
31.9902143955
0.0
10.761589404
4.30463576159
30.612244898
32.8940743096
35.4969538187
29.1178048974
0.0
32.7531789582
16.6666666667
0.0
0.0
0.0
0.0
28.0369290573
5.02207505519
0.0
19.4360523666
24.1982507289
20.3423967774
0.0
35.2265179179
17.1198388721
36.3317896327
18.0765357503
0.0
24.0095186608
16.5310305768
0.386313465784
25.0755287009
17.0191339376
0.0
22.996984724
0.0
16.6666666667
10.4856512141
0.0
6.0706401766
4.6357615894
26.6515292485
4.6357615894
23.9793716364
0.0
0.0
19.889224572
18.4733366804
25.0771435031
0.0
0.0
17.8529062871
0.0
0.0
16.9687814703
16.7170191339
0.0
0.0
1.15894039735
36.4504104688
0.0
0.0
30.3905790163
0.0
23.6293859649
0.0
0.0
19.2849949648
20.3423967774
0.0
28.9412182655
27.4250344517
29.2151971697
16.6666666667
13.5761589404
0.0
29.7646022155
0.0
15.0110375276
0.0
0.0
27.9610232151
0.0
0.0
15.0110375276
10.3752759382
0.0
25.3272910373
19.2849949648
0.0
0.0
28.8180089574
22.373224413
33.6819837991
8.05739514349
13.5761589404
3.97350993377
8.83002207506
0.0
30.7115779267
30.5742236472
15.0110375276
15.0110375276
31.0185878408
29.435641326
0.0
25.0775162983
0.0
0.0
25.3272910373
23.6151603499
13.5761589404
0.0
25.4915990884
23.6913496516
33.2616141941
16.6666666667
0.0
15.0110375276
0.0
23.3722060253
22.9830855462
0.0
19.889224572
25.8977314888
38.77991421
0.0
0.0
0.0
0.0
4.30463576159
29.2039341178
18.2275931521
0.0
41.9238948958
15.787204191
35.5647426724
15.0110375276
16.6666666667
38.9778008743
17.0694864048
0.0
17.2708962739
39.6855357265
25.27693857
10.4304635762
25.3776435045
0.0
0.0
20.2416918429
25.3272910373
0.0
0.0
23.1117824773
19.2346424975
15.0110375276
18.3282980866
0.0
0.0
0.0
25.638184396
35.9834631897
13.5209713024
35.9350915593
8.49889624724
19.335347432
0.0
0.0
0.0
19.5871097684
16.9687814703
0.0
23.714103682
20.0402819738
19.2849949648
5.90507726269
0.0
33.4691524885
16.6666666667
0.0
16.6666666667
30.2848558329
19.6820175439
0.0
30.7199962419
0.0
30.0521413049
0.0
30.2702801187
0.0
0.0
19.4864048338
27.2549292415
28.6002014099
30.9203900991
26.259142948
0.0
16.7170191339
0.0
23.6637512148
0.0
0.0
16.6666666667
0.0
13.5761589404
15.0110375276
16.6666666667
0.0
29.7311824748
23.9028462395
0.0
0.0
32.7767056213
30.2893279271
4.41501103753
39.1906997904
0.0
28.6505538771
19.335347432
19.9899295065
0.0
0.0
0.0
0.0
0.0
28.5498489426
0.0
41.1909717377
19.889224572
15.0110375276
27.4420946626
28.5521977457
0.0
27.0896273917
33.9918906026
