9.16030534351
0.0
38.5568451252
0.0
0.0
12.7523203856
13.3986928105
7.7124533131
0.0
14.2399267399
0.0
12.2710622711
0.0
0.0
0.0
0.0
0.980392156863
0.0
0.0
20.0400772954
7.87545787546
0.0
21.7593191123
19.673229766
1.28205128205
0.0
0.0
0.0
0.0
0.0
0.0
37.0940480878
0.0
0.0
0.0
0.0
12.8634937562
0.0
3.00653594771
22.1611721612
25.7602559933
0.0
39.7559793148
16.6151311836
0.0
0.0
10.6907634849
38.9289593308
22.0206818498
0.732600732601
27.0604395604
21.1035148058
0.0
0.0
30.6776556777
0.0
0.0
31.6811932718
0.0
0.0
0.0
0.0
25.6361323155
6.82234432234
31.1595814265
0.0
0.0
10.8058608059
14.6011976611
19.023582219
0.0
14.291656181
32.1036666614
22.0326435526
0.228937728938
21.2085941594
11.2179487179
0.0
0.0
0.0
14.6621508263
0.0
9.86928104575
0.0
12.091503268
27.0521675102
0.0
0.0
0.0
0.0
0.0
0.0
12.499461323
22.4144359106
23.6164473655
0.0
0.0
0.0
18.4507816374
34.0487440628
25.5320372114
31.5847846875
27.9955828485
36.5380043162
19.410011825
18.7479733288
12.1737412914
0.0
2.60989010989
0.0
0.0
0.0
27.5828911942
0.0
12.9852616325
11.9428419892
0.0
0.0
14.0853264383
0.0
0.0
2.84139100933
22.6040181193
0.0
15.4420742656
25.4740741902
0.0
15.346010199
0.0
0.0
26.6080547588
0.0
0.0
0.0
0.0
8.89361910354
46.5652063794
0.0
0.0
7.77777777778
0.0
0.0
25.9496506822
0.0
0.0
35.1609814342
0.0
5.45808966862
5.62091503268
0.0
0.0
0.0
27.3088872684
19.9129084008
3.25091575092
0.0
0.0
16.164619694
7.32026143791
3.20512820513
0.0
14.5620555915
0.0
26.4799572299
0.0
2.94613147667
0.0
40.9937007833
1.87728937729
0.0
0.0
0.0
18.1023185636
28.8115377464
11.9467884607
9.60784313725
21.833004233
15.1016655935
5.42483660131
30.4996379675
0.0
0.0
16.8298571765
17.6584471164
32.6841445045
4.85347985348
2.83882783883
0.0
0.0
18.9554560988
22.6581074655
0.0
0.0
25.1569922819
0.0
17.908496732
0.0
20.2205482734
4.7619047619
33.2130288013
21.4686130863
24.6579134677
0.0
27.73027569
32.1467745446
0.0
6.47058823529
17.9465125255
0.0
27.2053203744
5.35947712418
36.8758915835
16.629138835
30.7850292201
0.0
0.0
12.5491336949
27.1895424837
0.0
0.0
0.0
2.4854533509
0.0
15.8934384683
34.3275515334
0.0
0.0
6.77655677656
0.0
0.0
13.4849874329
13.2811844644
0.0
0.0
26.7762432527
0.0
0.0
0.0
12.5417887206
0.0
5.72344322344
37.8946046029
0.0
20.7340687303
20.8987161198
2.59772629198
15.255291782
0.0
0.0
0.0
0.0
0.0
16.9453591182
0.0
10.0584330078
0.0
26.9649141708
0.0
0.0
3.15934065934
19.2078884793
0.0
0.0
0.0
26.9483371095
0.0
0.0
0.0
24.5596066879
19.487554356
36.4951837067
0.0
0.0
2.41830065359
0.0
0.0
0.0
5.08241758242
13.4347841701
0.0
0.0
16.4080194615
0.0
9.94152046784
0.0
0.0
0.0
0.0
26.0350305863
8.69711987359
0.0
0.0
30.7234432234
0.0
0.0
0.0
0.0
34.2157013578
0.0
15.059793148
