41.3461538462
41.804029304
39.0567765568
40.7509157509
40.293040293
46.8864468864
41.2087912088
39.652014652
40.0641025641
46.8864468864
41.8498168498
41.804029304
45.0549450549
0.0
45.5586080586
43.8186813187
41.163003663
36.7673992674
40.9340659341
43.4981684982
0.0
49.6794871795
45.8333333333
39.4230769231
46.8864468864
45.8333333333
45.3296703297
41.2087912088
39.1025641026
39.8351648352
45.2380952381
42.032967033
41.8498168498
44.4597069597
44.4139194139
44.184981685
42.5366300366
44.5512820513
46.8864468864
38.4615384615
43.4523809524
40.6593406593
0.0
44.5970695971
43.1776556777
44.5970695971
43.9102564103
38.778981361
41.2087912088
42.032967033
40.8104852827
40.7967032967
44.6428571429
41.5750915751
43.6355311355
46.8864468864
42.3534798535
38.6446886447
45.6043956044
38.4157509158
39.9725274725
44.5054945055
41.9413919414
41.7582417582
44.2765567766
40.9798534799
41.2087912088
44.2765567766
43.2234432234
0.0
41.4835164835
42.8571428571
43.956043956
39.4230769231
40.9340659341
40.8882783883
38.7820512821
46.8864468864
46.7948717949
38.5073260073
43.0402930403
41.0714285714
38.4615384615
46.5659340659
46.0622710623
39.0567765568
41.9413919414
41.9871794872
41.4377289377
41.0714285714
45.6501831502
40.521978022
43.8186813187
44.7802197802
41.4377289377
41.8498168498
0.0
41.5293040293
43.1776556777
38.7362637363
41.5293040293
0.0
41.9871794872
42.8571428571
45.6501831502
0.0
39.8351648352
44.9633699634
46.7032967033
46.8864468864
43.4065934066
39.7893772894
45.4212454212
41.163003663
44.4597069597
38.1868131868
45.467032967
37.2710622711
45.1923076923
46.8864468864
46.8864468864
42.1703296703
41.9871794872
39.4230769231
41.1172161172
44.4139194139
42.0787545788
39.2399267399
44.5970695971
44.9175824176
42.1703296703
40.8882783883
41.163003663
41.4835164835
46.8406593407
43.4523809524
42.3076923077
46.8864468864
40.2014652015
40.2472527473
42.0787545788
44.3681318681
42.032967033
45.1923076923
46.6575091575
43.7271062271
40.9340659341
40.8882783883
41.5293040293
43.5897435897
39.4230769231
39.2399267399
46.8864468864
44.2765567766
34.3948075225
39.7893772894
43.7728937729
44.5054945055
46.8864468864
46.8864468864
42.9029304029
46.8864468864
46.8864468864
45.9706959707
43.5897435897
42.1245421245
46.8406593407
38.6446886447
0.0
40.3388278388
41.3461538462
43.0860805861
43.2692307692
46.0164835165
46.5201465201
40.9798534799
44.184981685
41.3461538462
44.0934065934
42.8571428571
41.4377289377
46.4285714286
44.7802197802
41.8956043956
41.0714285714
43.2234432234
45.3296703297
41.9413919414
0.0
42.032967033
43.0860805861
41.0714285714
45.8791208791
45.8333333333
46.8864468864
45.0091575092
46.8864468864
40.7051282051
41.8956043956
42.3534798535
46.8864468864
42.3534798535
41.1172161172
46.7948717949
43.6355311355
39.9267399267
44.0934065934
41.4835164835
41.7582417582
46.8864468864
41.2545787546
43.543956044
41.5293040293
39.1483516484
42.2619047619
38.7362637363
40.7509157509
38.5531135531
40.8882783883
43.9102564103
42.3534798535
43.6813186813
42.5824175824
39.5604395604
41.0714285714
41.2545787546
38.4157509158
43.8644688645
46.7032967033
41.8498168498
46.1538461538
41.7582417582
41.5293040293
41.2087912088
39.1941391941
44.1391941392
46.1080586081
42.1245421245
0.0
41.3919413919
45.5586080586
44.4139194139
39.2399267399
44.4139194139
41.8956043956
45.0091575092
42.5366300366
46.8864468864
38.6904761905
43.1318681319
38.5989010989
43.956043956
40.7967032967
43.4523809524
39.3772893773
41.9413919414
44.6428571429
46.8864468864
46.1996336996
46.6117216117
46.8864468864
42.4450549451
46.3827838828
42.9029304029
45.695970696
44.3681318681
44.5970695971
45.3296703297
0.0
43.4065934066
42.7655677656
45.5128205128
41.9871794872
46.8864468864
45.7417582418
46.7032967033
39.4230769231
44.3681318681
45.8333333333
41.804029304
45.6043956044
43.956043956
42.4450549451
45.1007326007
46.8864468864
40.0641025641
40.9340659341
44.5970695971
43.8186813187
46.8864468864
46.1538461538
41.5750915751
46.5659340659
43.9102564103
40.9340659341
40.9798534799
42.4450549451
39.4230769231
46.8864468864
44.0934065934
