0.0
0.0
0.938189845475
0.0
0.0
0.0
0.0
0.0
0.0
0.0
0.0
0.0
0.0
0.0
0.0
0.0
0.0
0.0
0.0
0.0
0.0
0.0
0.0
0.0
36.3162878788
23.8961038961
0.0
0.0
0.0
10.3752759382
0.0
0.0
0.0
0.0
0.0
0.0
0.0
0.0
0.0
0.0
0.0
0.0
0.0
0.0
0.0
16.6666666667
0.0
0.0
0.0
0.0
0.0
15.3421633554
0.0
0.0
0.0
0.0
0.0
0.0
0.0
0.0
0.0
0.0
0.0
19.0397350993
0.0
0.0
0.0
0.0
0.0
0.0
0.0
36.7424242424
0.0
0.0
0.0
0.0
0.0
0.0
15.4525386313
0.0
0.0
0.0
0.0
34.5643939394
7.94701986755
0.0
0.0
0.0
0.0
0.0
0.0
0.0
0.0
0.0
35.7954545455
0.0
0.0
0.0
15.5077262693
0.0
0.0
0.0
0.0
0.60706401766
0.0
0.0
0.0
0.0
0.0
0.0
0.0
0.0
0.0
0.0
0.0
16.6666666667
0.0
0.0
0.0
0.0
0.0
0.0
0.0
0.0
0.0
0.0
0.0
0.0
0.0
0.0
0.0
7.28476821192
0.0
0.0
0.0
0.0
0.0
0.0
0.0
15.3973509934
0.0
0.0
0.0
0.0
0.0
0.0
0.0
0.0
0.0
0.0
0.0
0.0
0.0
0.0
0.0
3.47533632287
0.0
0.0
0.0
0.0
0.0
0.0
0.0
0.112107623318
0.0
0.0
0.0
0.0
0.0
0.0
0.0
0.0
0.0
2.09713024283
0.0
21.9047619048
0.0
0.0
0.0
0.0
0.0
0.0
0.0
0.0
3.0269058296
0.0
0.0
0.0
16.6666666667
0.0
0.0
0.0
0.0
0.0
0.0
0.0
0.0
0.0
0.0
0.0
0.0
0.0
0.0
0.0
0.0
0.0
0.0
0.0
0.0
0.0
0.0
15.3421633554
0.0
0.0
0.0
0.0
0.0
0.0
0.993377483444
29.1774891775
0.0
0.0
0.0
0.0
0.0
0.0
0.0
0.0
6.27802690583
0.0
30.2164502165
0.0
0.0
0.0
0.0
0.0
0.0
0.0
0.0
0.0
0.0
10.3200883002
0.0
0.0
0.0
0.0
0.0
0.0
0.0
0.938189845475
0.0
0.0
0.0
0.0
0.0
0.0
0.0
0.0
0.0
0.0
0.0
0.0
0.0
0.0
0.0
0.0
0.0
0.0
0.0
0.0
0.0
0.0
0.0
0.0
0.0
0.0
0.0
8.88520971302
0.0
0.0
0.0
0.0
0.0
0.0
0.0
0.0
0.0
0.0
0.0
0.0
0.0
0.0
6.91330343797
0.0
0.0
0.0
0.0
0.0
0.0
0.0
