33.1975600157
46.0606060606
46.3800521228
43.1168831169
65.1082251082
45.5411255411
66.6666666667
42.0208579299
62.380952381
43.8961038961
44.8917748918
48.9910313901
41.9500587713
66.6666666667
51.6913219231
46.1904761905
0.0
45.670995671
41.038961039
40.6443519112
46.1276886417
40.3463203463
30.9956709957
44.3722943723
39.6536796537
48.1385281385
58.308982684
23.6186540732
33.3333333333
57.2520528799
49.1568475674
53.9710364374
25.0946969697
34.4549390004
43.5064935065
58.5480485509
61.4258658009
40.4761904762
9.48051948052
62.380952381
50.5319045678
31.1688311688
61.038961039
25.0938360882
41.645021645
24.06729634
45.9307359307
45.5411255411
26.2593467139
46.9696969697
37.4025974026
45.6277056277
40.1298701299
39.0882034632
17.9220779221
32.2869955157
40.7792207792
44.025974026
46.1471861472
42.987012987
31.6287878788
45.9307359307
37.2294372294
49.1599207967
41.038961039
39.4805194805
49.0056818182
60.6493506494
57.4104594957
43.5930735931
9.29752066116
49.4075281968
41.9047619048
43.9826839827
23.1060606061
3.63636363636
45.974025974
45.8008658009
52.5524624852
44.5021645022
44.1125541126
44.2424242424
33.3333333333
48.0519480519
54.2182798517
43.9393939394
54.5267214101
66.6666666667
50.0
49.427134898
10.0
23.6742424242
46.1471861472
50.0
45.9307359307
45.4112554113
47.9220779221
37.168437623
43.5497835498
49.3491206103
39.4805194805
58.5047585076
33.3333333333
66.6666666667
16.6666666667
54.6086546115
44.8484848485
15.6277056277
46.1038961039
40.9523809524
9.71074380165
40.6926406926
9.74025974026
38.9571035026
16.6666666667
33.3333333333
66.6666666667
21.178669815
44.632034632
46.0173160173
46.1471861472
45.5411255411
45.974025974
49.5670995671
46.3203463203
66.6666666667
41.4718614719
45.7575757576
58.8744588745
11.6017316017
57.2520528799
61.6017316017
45.7575757576
60.6719662998
43.9393939394
46.1038961039
41.5584415584
54.4077134986
27.1674140508
42.1645021645
0.0
35.9031877214
43.8961038961
52.388814474
37.1861471861
44.0692640693
45.9307359307
44.8484848485
29.271940181
46.2337662338
46.2302719702
46.1038961039
3.33333333333
44.8051948052
45.7142857143
32.8512787634
55.0801739367
45.974025974
30.4820936639
41.7316017316
45.8874458874
43.9826839827
35.8874458874
30.2656434475
39.0043290043
46.1038961039
60.6926406926
41.2987012987
44.9787674956
42.5541125541
45.3327315435
47.012987013
34.9121823617
39.8268398268
40.5194805195
24.5395513577
41.9047619048
66.6666666667
41.1255411255
43.7662337662
30.4879968516
45.7142857143
42.9004329004
57.4611263176
44.025974026
58.3295478811
35.5411255411
39.4372294372
33.3333333333
65.8008658009
50.0
44.5454545455
42.4675324675
46.1904761905
57.8121178149
62.380952381
49.8106060606
25.6355765447
41.1688311688
44.2857142857
43.8961038961
82.9004329004
66.6666666667
25.5489964581
66.6666666667
45.6277056277
40.5627705628
42.2943722944
38.0496549415
44.1558441558
45.8441558442
41.1255411255
33.3333333333
65.8874458874
46.0502203327
50.0
60.4683195592
50.7260399645
43.7229437229
42.2943722944
61.3134657837
44.7186147186
16.6666666667
25.7221566312
0.0
49.0215091336
30.6958316347
50.0
47.1428571429
42.0346320346
46.3203463203
46.1471861472
47.9578941238
50.0
33.3333333333
43.8528138528
43.6363636364
30.0601304525
30.1515151515
38.8311688312
45.5844155844
24.9178495102
26.1491538764
45.8441558442
58.2251082251
43.9393939394
16.6666666667
21.8836088154
42.9437229437
42.380952381
40.0924832743
50.0
0.0
44.5021645022
33.0578512397
43.2034632035
44.0692640693
53.0304971561
42.8571428571
51.3264734145
50.0
45.2813852814
44.6753246753
4.71861471861
0.0
35.0216450216
45.974025974
46.1904761905
44.1991341991
61.8181818182
42.3376623377
30.1357733176
42.2943722944
0.0
43.6363636364
31.5840220386
57.3495599323
66.6666666667
45.9307359307
44.3722943723
41.341991342
25.0118063754
62.380952381
27.2510822511
0.0
37.7056277056
42.7272727273
44.4588744589
50.0
33.3333333333
28.8390397481
24.2424242424
44.025974026
16.6666666667
55.8669656203
9.48051948052
44.1991341991
45.7142857143
45.8874458874
42.7705627706
