80.303030303
82.4242424242
83.3333333333
83.3333333333
80.3896103896
16.6666666667
83.3333333333
83.3333333333
80.2164502165
76.9264069264
79.3073593074
57.782369146
78.961038961
83.3333333333
80.0432900433
78.0952380952
72.3337268792
80.3896103896
79.696969697
80.2597402597
81.7316017316
78.2251082251
81.8181818182
65.7102272727
77.7922077922
39.5833333333
83.1601731602
83.3333333333
83.1601731602
77.5324675325
77.7489177489
80.0432900433
83.3333333333
55.0275482094
78.4415584416
83.3333333333
77.619047619
76.4502164502
0.0
76.2770562771
80.3896103896
80.2597402597
82.8138528139
76.1904761905
83.3333333333
81.4718614719
76.2770562771
77.9653679654
16.6666666667
77.7056277056
79.7402597403
80.303030303
81.6017316017
81.8181818182
76.8398268398
79.1774891775
80.303030303
78.658008658
78.0519480519
83.3333333333
80.6060606061
81.7316017316
83.3333333333
78.5714285714
81.5584415584
77.012987013
80.1298701299
39.8674242424
44.8347107438
77.2294372294
83.3333333333
77.2294372294
80.0
77.7056277056
81.1255411255
76.70995671
81.0822510823
77.7922077922
36.0795454545
80.303030303
80.0432900433
76.9264069264
22.821969697
80.0865800866
45.3125
43.7973484848
16.6666666667
77.1428571429
78.5714285714
83.3333333333
79.9567099567
37.8787878788
81.5584415584
4.29745889387
77.316017316
80.7359307359
76.4502164502
83.3333333333
80.8658008658
83.3333333333
78.5714285714
45.3125
79.0909090909
82.9437229437
45.1790633609
45.523415978
80.2597402597
39.1098484848
3.25112107623
80.303030303
80.9090909091
76.6666666667
78.2683982684
83.3333333333
45.2651515152
83.3333333333
80.5194805195
79.7835497835
82.1645021645
78.6147186147
80.303030303
79.4372294372
80.2164502165
78.3982683983
81.4285714286
83.3333333333
83.3333333333
79.3073593074
80.6926406926
78.1385281385
77.5757575758
81.341991342
76.3636363636
80.5627705628
75.367965368
83.3333333333
78.1385281385
80.4329004329
32.2122571001
77.9653679654
33.3333333333
80.5627705628
45.0284090909
80.9956709957
76.2337662338
79.8701298701
79.8701298701
80.6926406926
79.0043290043
80.303030303
79.3506493506
80.4761904762
83.3333333333
78.9177489177
80.1298701299
77.5324675325
47.3011363636
54.1883116883
78.3116883117
77.8354978355
80.4329004329
36.3162878788
80.4761904762
83.3333333333
80.3463203463
77.1861471861
81.038961039
82.5541125541
80.2597402597
80.2597402597
83.3333333333
80.303030303
81.2121212121
77.5757575758
77.2294372294
77.3593073593
77.8787878788
81.6017316017
79.6103896104
76.9264069264
83.3333333333
77.4458874459
77.0995670996
83.3333333333
44.4706808343
78.0952380952
80.6926406926
8.66445916115
77.9653679654
81.6017316017
80.2164502165
76.7965367965
83.0303030303
80.6060606061
81.341991342
80.4329004329
45.1101928375
79.0476190476
77.2294372294
79.5670995671
80.4329004329
80.6060606061
78.4848484848
58.0578512397
79.9134199134
76.8831168831
75.3246753247
83.3333333333
80.0432900433
80.0865800866
81.341991342
10.8370702541
78.9177489177
76.5367965368
79.3506493506
75.7575757576
80.1298701299
80.8658008658
79.9567099567
80.303030303
53.2369146006
83.0303030303
80.1298701299
80.3463203463
83.0735930736
77.6623376623
77.8787878788
80.5627705628
81.7316017316
76.3203463203
80.2164502165
41.0037878788
80.0865800866
81.1255411255
81.8181818182
76.7532467532
77.7056277056
76.8831168831
77.012987013
83.3333333333
77.619047619
80.7359307359
0.0
82.2077922078
76.2770562771
80.5627705628
80.303030303
77.5324675325
80.2597402597
76.8831168831
76.7965367965
57.6446280992
77.7922077922
80.0
83.3333333333
80.3463203463
83.3333333333
77.2727272727
83.3333333333
80.3896103896
78.2683982684
35.1799242424
80.6060606061
79.0909090909
76.1471861472
80.2597402597
33.3333333333
80.1298701299
78.0952380952
80.9956709957
81.1688311688
76.1038961039
80.4329004329
80.303030303
81.038961039
83.3333333333
77.012987013
79.3939393939
78.2251082251
83.1168831169
39.7727272727
78.961038961
83.3333333333
83.3333333333
80.5194805195
45.523415978
16.6666666667
77.6623376623
79.1341991342
72.9437229437
80.0
82.9437229437
80.303030303
79.4805194805
48.4513970878
79.0476190476
82.0346320346
80.0865800866
81.5151515152
83.3333333333
