0.0
7.65503875969
0.0
2.68895348837
0.0
1.96220930233
7.55813953488
15.6007751938
0.0
14.5833333333
6.2742248062
9.50520833333
4.7480620155
14.5833333333
0.0
0.0
0.0
0.0
4.82073643411
9.24479166667
3.1976744186
0.0
0.0
19.9652777778
0.0
0.0
5.30523255814
0.0
20.6163194444
0.0
0.0
5.32945736434
9.27810077519
14.4864341085
4.86918604651
1.48026315789
30.0872093023
10.2430555556
0.0
4.08591731266
5.71705426357
1.42926356589
31.492248062
4.99031007752
14.5833333333
0.0
5.16493055556
33.3333333333
5.42635658915
10.2864583333
0.0
4.94186046512
10.4600694444
0.0
5.69282945736
4.7480620155
0.0
0.0
0.0
23.828125
15.6007751938
2.27713178295
6.00775193798
0.0
0.0
0.0
5.71705426357
17.9253472222
5.08720930233
0.0
10.101744186
5.47480620155
0.0
3.36724806202
3.99709302326
14.5833333333
5.66860465116
4.99031007752
10.15625
0.0
5.66860465116
33.3333333333
4.23934108527
5.78972868217
0.0
0.0
0.0
0.0
0.0
0.0
5.20833333333
10.8072916667
4.91763565891
0.0
6.49224806202
2.71317829457
0.0
5.23255813953
7.55813953488
0.0
4.91763565891
0.0
5.01453488372
0.0
0.0
0.0
0.0
0.0
6.78294573643
33.3333333333
3.1976744186
5.42635658915
5.37790697674
7.10897125323
5.08720930233
0.0
0.0
31.586119186
9.89583333333
31.2257751938
10.15625
10.7638888889
4.89341085271
7.79836886305
7.12209302326
0.0
5.52325581395
20.3993055556
0.0
15.5523255814
14.8639373385
10.2713178295
20.1065891473
0.0
4.96608527132
0.0
29.6430878553
5.18410852713
33.3333333333
0.0
5.47480620155
5.18410852713
0.0
16.9229396165
28.5923368863
6.37112403101
0.0
0.0
33.3333333333
5.01453488372
9.33159722222
0.0
0.0
22.5048449612
11.0243055556
5.23255813953
0.0
14.5833333333
0.0
12.5968992248
20.3084625323
0.0
4.79651162791
5.71705426357
8.89756944444
4.7480620155
5.66860465116
0.0
2.54360465116
0.0
6.10465116279
3.97286821705
0.0
19.2708333333
33.3333333333
31.2015503876
0.0
0.0
0.0
0.0
33.3333333333
7.00096899225
0.0
4.04554263566
0.0
4.94186046512
7.29166666667
12.8391472868
8.89050387597
5.59593023256
0.0
10.6336805556
14.5833333333
5.47480620155
5.35368217054
5.06298449612
3.31879844961
0.0
20.8333333333
14.5833333333
10.5620155039
32.2179828811
0.0
5.08720930233
3.58527131783
5.32945736434
10.5902777778
0.0
5.13565891473
22.2141472868
13.5416666667
5.13565891473
7.46527777778
0.0
0.0
0.0
5.15988372093
5.30523255814
33.3333333333
14.5833333333
9.46180555556
0.0
0.0
0.0
37.1214874031
5.25678294574
0.0
0.0
28.9718588501
17.7810077519
20.1658230484
0.0
0.0
0.0
1.45348837209
0.0
0.0
4.94186046512
9.28819444444
33.3333333333
0.0
0.0
5.15988372093
20.2690972222
33.3333333333
2.81007751938
2.44670542636
0.0
10.2864583333
0.0
10.4600694444
3.125
0.0
30.1598837209
14.5833333333
0.0
14.5833333333
23.2558139535
1.88953488372
4.77228682171
0.0
0.0
5.03875968992
0.0
37.0518410853
9.15697674419
0.0
4.99031007752
5.32945736434
5.32945736434
0.0
0.0
5.52325581395
10.9687903747
4.7238372093
4.14244186047
16.5697674419
2.93422965116
5.47480620155
0.0
0.0
0.347222222222
0.0
36.9095203488
19.53125
0.0
5.11143410853
0.0
0.0
29.1666666667
6.10465116279
13.5416666667
13.5416666667
0.0
5.18410852713
5.69282945736
0.0
31.25
1.5988372093
31.2257751938
