15.2777777778
0.0
0.0
0.0
0.0
0.0
0.0
0.0
0.0
0.0
0.0
0.0
0.0
0.0
0.0
0.0
0.0
0.0
0.0
0.0
0.0
0.0
0.0
0.0
0.868055555556
0.0
0.0
0.0
0.0
0.0
0.0
0.0
0.0
0.0
0.0
21.5460526316
0.0
0.0
0.0
0.0
12.9774305556
0.0
0.0
0.0
0.0
0.0
0.0
20.5592105263
37.7604166667
0.0
0.0
0.0
0.0
0.0
0.0
0.0
0.0
12.5
0.0
9.59201388889
0.0
0.0
0.0
0.0
0.0
16.6666666667
0.0
0.0
0.0
0.0
0.0
11.0677083333
0.0
0.0
0.0
0.0
0.0
0.0
0.0
28.399122807
0.0
0.0
0.0
0.0
0.0
0.0
0.0
0.0
0.0
0.0
35.5902777778
0.0
0.0
14.5833333333
0.0
9.07118055556
0.0
0.0
0.0
0.0
0.0
0.0
16.6666666667
0.0
0.0
0.0
0.0
0.0
0.0
0.0
13.0208333333
0.0
20.0109649123
0.0
0.0
0.0
0.0
0.0
0.0
0.0
0.0
0.0
0.0
0.477430555556
0.0
19.9013157895
0.0
0.0
22.6973684211
0.0
0.0
0.0
0.0
0.0
0.0
0.0
0.0
0.0
0.0
3.86284722222
0.0
0.0
0.0
0.0
0.0
0.0
0.0
0.0
0.0
0.0
0.0
0.0
0.0
0.0
0.0
0.0
0.0
0.0
0.0
0.0
0.0
0.0
0.0
0.0
0.0
0.0
0.0
0.0
0.0
0.0
0.0
0.0
0.0
0.0
0.0
0.0
0.0
0.0
0.0
0.0
0.0
0.0
0.0
38.105620155
23.0263157895
0.0
0.0
0.0
0.0
0.0
0.0
0.0
0.0
0.0
0.0
0.0
0.0
0.0
1.90972222222
0.0
0.0
0.0
0.0
0.0
0.0
25.8223684211
0.0
0.0
0.0
0.0
0.0
0.0
0.0
0.0
6.85763888889
0.0
0.0
0.0
0.0
0.0
0.0
0.0
0.0
0.0
0.0
0.0
0.0
0.0
0.0
0.0
0.0
22.8618421053
0.0
0.0
0.0
0.0
0.0
0.0
0.0
0.0
0.0
0.0
0.0
0.0
0.0
0.0
31.25
0.0
0.0
0.0
0.0
0.0
0.0
0.0
0.0
0.0
0.0
0.0
0.0
0.0
0.0
22.8618421053
0.0
0.0
0.0
0.0
0.0
0.0
0.0
0.0
0.0
0.0
0.0
37.6736111111
0.0
0.0
0.0
0.0
0.0
0.0
0.0
0.0
0.0
0.0
0.0
37.9774305556
0.0
0.0
0.0
0.0
0.0
0.0
0.0
0.0
0.0
0.0
0.0
0.0
0.0
0.0
