0.0
15.6732891832
52.4621212121
57.7651515152
37.6429861529
14.6799116998
55.634469697
56.8181818182
15.6732891832
15.6732891832
54.5454545455
55.7765151515
23.0027548209
15.6732891832
15.6732891832
54.9715909091
32.3399558499
25.4110612855
53.5984848485
31.2672176309
57.7651515152
62.5
53.0303030303
57.2443181818
0.0
15.6732891832
53.4090909091
15.6732891832
25.822122571
16.6666666667
56.9602272727
60.4166666667
60.4166666667
31.2672176309
8.83002207506
0.0
8.60927152318
53.125
55.7765151515
15.6732891832
0.0
25.9377337493
16.6666666667
56.8181818182
57.4810606061
51.2310606061
15.6732891832
0.0
0.0
22.1074380165
14.6799116998
52.7462121212
15.6732891832
32.3399558499
52.4621212121
53.4090909091
31.2672176309
0.0
15.6732891832
0.0
62.5
15.6732891832
15.6732891832
15.6732891832
53.4090909091
0.0
16.6666666667
60.2272727273
60.5113636364
55.7765151515
32.3399558499
0.0
24.5671606331
55.4924242424
52.8409090909
0.110375275938
31.2672176309
15.6732891832
31.2672176309
0.0
60.4166666667
16.6666666667
15.6732891832
53.5037878788
39.0176600442
15.6732891832
15.6732891832
52.2727272727
16.6666666667
62.5
0.0
15.6732891832
62.5
0.0
15.6732891832
0.0
52.3674242424
13.6865342163
31.2672176309
15.6732891832
52.5568181818
32.3399558499
0.0
31.2672176309
62.5
16.6666666667
16.6666666667
8.55408388521
24.5671606331
16.6666666667
0.0
52.7462121212
0.0
53.5984848485
53.6931818182
57.7651515152
16.6666666667
15.6732891832
62.5
53.125
24.1934685554
62.5
52.8409090909
0.0
1.98675496689
0.0
5.07726269316
15.6732891832
0.0
56.9602272727
53.125
16.6666666667
62.5
61.0795454545
56.1079545455
15.6732891832
15.6732891832
51.4204545455
52.5568181818
0.0
24.1934685554
15.6732891832
15.6732891832
16.6666666667
13.6865342163
24.4176838021
62.5
31.2672176309
31.2672176309
57.7651515152
15.6732891832
53.4090909091
15.6732891832
62.5
53.125
51.3257575758
15.6732891832
62.5
24.5297914254
16.6666666667
57.0549242424
32.3399558499
17.7285956107
52.5568181818
15.6732891832
62.5
58.1439393939
52.4621212121
15.6732891832
32.3399558499
57.3390151515
24.6045298409
18.0275492729
62.5
15.6732891832
55.1136363636
15.6732891832
24.1560993476
23.841554559
52.8409090909
15.6732891832
28.5874439462
15.6732891832
0.0
0.0
52.5568181818
60.2272727273
15.6732891832
16.6666666667
15.6732891832
32.3002754821
38.8826555744
31.2672176309
57.7651515152
25.485799701
62.5
31.2672176309
62.5
0.0
52.2727272727
15.6732891832
12.6931567329
15.6732891832
15.6732891832
24.4176838021
0.0
15.6732891832
16.6666666667
15.6732891832
15.6732891832
15.6732891832
15.6732891832
31.2672176309
62.5
0.0
15.6732891832
15.6732891832
52.4621212121
16.6666666667
62.5
60.5113636364
29.932735426
51.5151515152
15.6732891832
15.6732891832
60.321969697
23.1689088191
52.3674242424
52.5568181818
13.6865342163
16.6666666667
0.0
62.5
62.5
24.1560993476
33.3333333333
38.4005619105
62.5
24.3055761787
8.83002207506
14.6799116998
2.92494481236
32.3399558499
54.7821969697
15.6732891832
15.6732891832
0.0
31.2672176309
8.88520971302
32.3002754821
15.6732891832
23.2966075689
54.071969697
31.2672176309
58.2386363636
1.15894039735
52.5568181818
15.6732891832
15.6732891832
53.0303030303
32.3002754821
0.0
16.6666666667
26.0837070254
37.98733877
24.3803145943
16.6666666667
25.1868460389
62.5
57.6231060606
31.2672176309
15.6732891832
15.6732891832
0.0
62.5
52.7462121212
15.6732891832
16.6666666667
0.165562913907
62.5
25.6052396329
57.7651515152
62.5
58.1439393939
15.6732891832
0.0
31.2672176309
60.4166666667
16.6666666667
23.5208228155
8.99558498896
53.4090909091
51.7045454545
31.2672176309
54.9715909091
16.6666666667
53.6931818182
60.5113636364
31.2672176309
31.2672176309
