7.94501304435
0.0
34.8468793899
0.0
1.57575757576
0.0
0.0
0.0
11.4079871563
0.0
0.0
0.0
0.0
0.0
2.08428657435
35.8771824202
36.1196066627
29.0286975717
0.0
0.0
0.0
7.78145695364
1.39393939394
0.0
1.32450331126
25.7174392936
0.0
15.2424242424
0.0
29.0286975717
18.2424242424
0.0
0.0
0.0
0.0
0.0
0.0
0.0
9.42865743528
0.0
0.0
0.0
0.0
0.0
0.0
25.3863134658
0.0
0.0
0.0
0.0
10.2165362232
0.0
0.0
7.87597832631
0.0
0.0
9.05859923741
34.2518621605
11.5484647803
0.0
0.0
0.0
0.0
6.89845474614
29.9709733517
2.92193457756
0.0
0.0
0.0
10.2825607064
0.0
0.0
20.8023606794
0.0
0.0
0.0
0.0
0.0
0.0
54.7371675943
0.0
0.0
0.0
0.0
15.0050352467
30.4136062613
9.44491270319
1.04856512141
2.39273530002
54.9189857761
0.0
0.0
0.0
6.90628135661
0.0
0.0
1.63636363636
0.0
0.0
7.5055187638
0.0
36.059000602
0.0
10.2436283363
1.45454545455
6.73289183223
29.0286975717
47.9591836735
0.0
0.0
0.0
0.0
0.0
0.0
0.0
57.0088300221
0.848484848485
0.0
0.0
0.0
0.0
0.0
0.0
0.0
0.0
40.8385899814
0.0
0.0
29.0286975717
0.0
0.0
0.0
0.0
8.51956652619
0.0
31.6893437688
0.0
0.0
0.0
2.74111980734
0.0
0.0
35.3317278748
0.0
0.0
0.0
13.0581978728
2.0
0.0
0.0
0.0
3.92614890628
25.4415011038
0.0
0.0
0.0
21.6448094574
0.0
29.0286975717
0.0
0.0
29.0286975717
0.0
0.0
0.0
0.0
0.0
36.5351019088
0.0
11.8623319286
0.0
0.0
29.6420259833
0.0
0.0
0.0
1.0303030303
55.6462585034
7.71683724664
10.5195665262
0.0
0.0
35.5135460566
0.0
35.2105157536
0.0
0.0
0.0
0.0
0.0
1.26931567329
0.0
0.0
0.0
0.0
0.0
0.0
9.6710816777
0.0
0.0
0.0
0.0
1.32450331126
0.0
0.0
0.0
0.0
7.58137668071
0.0
0.0
0.0
0.0
0.0
7.83664459161
9.60322255791
8.55107365041
0.0
0.0
0.0
0.0
0.0
7.56070640177
15.6435406699
35.5741521172
0.0
0.0
0.848484848485
35.0286975717
0.0
0.0
0.0
9.98053381497
8.19827413205
8.70138470801
0.0
22.0413405579
13.2711218142
0.0
0.0
0.0
17.696969697
3.40678306241
0.0
0.0
0.0
0.0
0.0
2.30303030303
0.0
17.880794702
0.0
0.0
17.5151515152
0.0
0.0
4.85651214128
0.0
0.0
0.0
0.0
7.7850877193
0.0
0.0
7.83664459161
0.0
0.0
3.69456150913
0.0
0.0
0.0
15.0050352467
8.76199076861
0.0
0.0
0.0
0.0
0.0
0.0
0.0
0.386313465784
10.5767609874
0.0
35.5320699708
0.0
0.0
35.5741521172
0.0
3.11458960466
35.5741521172
0.0
0.0
0.0
0.0
7.00697767145
0.0
0.0
7.82380092314
0.0
0.0
0.0
