15.0110375276
16.7356512141
0.0
27.2626931567
3.125
15.4496340188
33.2393695416
24.8896247241
31.6777041943
5.92105263158
16.6666666667
17.7787701871
40.4663548631
17.5591088649
24.0679824561
22.6316515627
31.6777041943
16.6666666667
37.8487440388
10.761589404
16.6666666667
10.3618421053
18.3222958057
20.2137998056
0.0
0.0
27.0971302428
43.5478377799
46.5501953911
0.0
11.0745614035
19.6144853027
37.5571988493
31.6777041943
21.9189322644
21.0884353741
39.5043731778
31.6777041943
31.6777041943
37.5086079843
15.0110375276
9.92324561404
23.7390350877
31.6777041943
39.3100097182
0.0
3.0701754386
21.46799117
22.7961252469
22.13823051
37.4114262545
0.0
16.6666666667
30.700738195
21.8092831416
17.9980684327
31.6777041943
43.4020651852
21.9189322644
23.4649122807
31.6777041943
37.2656536598
22.4671778785
0.0
31.6777041943
37.5086079843
37.2656536598
22.0834059486
39.0670553936
23.0702480539
10.5263157895
0.0
49.4759232998
33.3333333333
19.2466887417
10.5880388056
31.6777041943
34.0432104725
0.0
3.1798245614
37.8973349037
3.56359649123
34.8884019076
0.0
0.0
31.8720676539
31.823476789
37.5086079843
10.6413994169
31.6777041943
19.7764820214
37.3628353896
16.6666666667
25.4966887417
0.0
26.7735665695
31.7262950592
33.8290566936
0.0
22.7413006855
19.8250728863
21.9737568258
37.8973349037
0.0
31.6777041943
22.9605989311
45.9185141471
31.823476789
25.6070640177
37.6057897142
32.8438849523
14.3393458813
33.4757270931
15.0110375276
20.1986754967
0.0
39.6015549077
10.4166666667
15.0110375276
15.0110375276
31.7748859241
17.7083333333
5.5753262159
25.0439322644
35.0570218627
37.7515623089
31.8720676539
23.1250726153
37.4622356495
37.9459257686
37.0226993352
0.0
28.9183222958
31.6777041943
31.6777041943
26.9679300292
37.8147029204
37.6057897142
36.9741084703
0.0
14.5248780063
17.4890350877
8.99122807018
5.49588997328
34.0586565752
27.2626931567
37.0226993352
31.6777041943
15.0110375276
31.6777041943
3.23464912281
33.5241570611
32.1150219785
37.8973349037
33.6280964609
0.0
27.1523178808
22.7413006855
23.0702480539
37.8487440388
35.5470802909
20.1166180758
6.35964912281
0.0
34.8362713108
22.4562855815
31.6777041943
15.0110375276
37.8973349037
37.4114262545
16.6666666667
15.0110375276
9.86842105263
0.0
10.1973684211
0.0
2.63157894737
27.2626931567
32.0178402487
23.1250726153
31.6777041943
15.0110375276
24.3312129662
35.6928528857
0.0
37.2656536598
31.6777041943
20.3947368421
0.0
21.9737568258
37.3142445247
27.2075055188
27.4834437086
42.1156550665
21.7544585802
37.4114262545
31.6777041943
15.0110375276
37.5571988493
19.9227373068
20.3947368421
31.8720676539
37.8973349037
31.6777041943
17.2149122807
27.6358130764
31.6777041943
31.7748859241
16.1009933775
32.6495214926
17.7152317881
0.0
16.9407894737
26.6169104786
21.8092831416
21.7544585802
22.4123533171
46.5016045261
0.0
0.0
21.7544585802
22.4671778785
3.50877192982
18.152375973
27.1970796654
33.7185205208
19.7640728477
15.9957011735
0.0
33.0162055361
0.0
15.9978796329
22.0834059486
32.8152453034
3.01535087719
11.1842105263
13.8945770884
19.6417160451
13.5416666667
37.5086079843
31.6777041943
0.0
31.6777041943
24.2825607064
37.8001531739
31.6777041943
37.9459257686
31.6777041943
15.3948094574
0.0
41.1075287557
22.2478796329
22.5768270013
22.5768270013
37.3628353896
35.498489426
33.1289942656
9.75877192982
16.2001132799
28.8309552771
33.1840210067
31.6777041943
43.3534743202
1.42543859649
31.6777041943
18.1636313466
37.3628353896
33.7591760746
6.10913404508
6.41447368421
31.6777041943
22.13823051
22.13823051
14.590747331
31.6777041943
2.79605263158
15.0110375276
0.0
32.0178402487
27.2626931567
13.8016294876
42.8991277132
7.29166666667
21.8092831416
22.4671778785
22.6316515627
15.0110375276
27.3730684327
38.1888800932
37.4114262545
31.823476789
26.2947987789
0.0
37.7515623089
33.5638985963
22.7413006855
5.51368072499
10.4577451281
31.6777041943
5.871886121
