0.0
0.522875816993
0.0
25.0
5.88235294118
0.0
0.0
0.0
5.29411764706
0.0
6.27450980392
0.0
30.2197802198
5.03267973856
30.5402930403
1.96078431373
0.0
33.195970696
4.70588235294
0.0
0.0
24.4047619048
0.0
0.0
0.0
33.3333333333
30.0366300366
30.815018315
22.5274725275
61.8640038041
23.3516483516
0.0
23.8095238095
6.79738562092
30.2197802198
22.9853479853
0.0
6.66666666667
0.0
0.0
0.0
18.315018315
0.0
0.0
6.27450980392
9.54248366013
0.0
0.0
0.0
0.0
0.0
0.0
6.60130718954
4.90196078431
0.0
3.33333333333
29.0293040293
0.0
28.8919413919
4.64052287582
5.6862745098
27.380952381
0.0
0.0
0.0
28.4798534799
17.3076923077
0.0
0.0
0.0
6.40522875817
0.0
0.0
0.0
0.0
0.0
0.0
21.978021978
30.6776556777
6.2091503268
0.0
25.3205128205
0.0
30.7692307692
0.0
0.0
9.76980535804
26.0073260073
16.8498168498
2.67973856209
16.7582417582
24.5421245421
0.0
0.0
0.0
0.261437908497
23.7254901961
0.522875816993
0.0
0.0
0.0
0.0
0.0
0.0
0.0
0.0
0.0
21.1538461538
0.0
28.8919413919
25.4578754579
10.0
0.0
5.09803921569
0.0
0.0
15.2472527473
2.67973856209
0.0
17.3534798535
6.66666666667
0.0
0.0
32.6007326007
0.0
0.0
26.9230769231
0.0
22.1611721612
29.8534798535
0.0
28.8919413919
10.9432234432
25.4578754579
25.4578754579
0.0
0.0
25.2747252747
31.5934065934
0.0
2.67973856209
20.4575163399
0.0
20.8496732026
28.7545787546
0.0
6.86274509804
0.0
0.0
5.62091503268
16.7582417582
31.2271062271
0.0
0.0
0.0
16.6666666667
2.41830065359
0.0
0.0
0.0
5.62091503268
0.0
1.50326797386
0.0
14.010989011
0.0
6.66666666667
0.0
0.0
27.8846153846
2.22222222222
5.55555555556
0.0
0.0
0.0
0.0
0.0
0.0
0.0
0.0
27.2893772894
5.49019607843
0.0
0.0
0.0
0.0
0.0
0.522875816993
31.043956044
0.0
0.0
0.0653594771242
6.27450980392
0.0
29.3956043956
0.0
28.6172161172
0.0
0.0
0.0
0.0
0.0
31.3644688645
0.0
0.0
60.3661436044
0.0
0.0
0.849673202614
0.0
0.0
0.0
0.0
0.0
1.50326797386
29.304029304
0.0
0.0
2.09150326797
5.81699346405
0.522875816993
0.0
26.2362637363
0.0
0.0
16.6666666667
7.8431372549
0.0
8.56209150327
30.9523809524
0.0
0.0
6.60130718954
6.40522875817
0.0
6.2091503268
6.2091503268
19.6886446886
0.0
3.07189542484
0.0
0.0
2.67973856209
0.0
0.0
0.0
0.0
5.09803921569
28.1135531136
14.8351648352
0.326797385621
8.23529411765
0.0
22.847985348
0.0
21.2418300654
0.0
22.4816849817
33.3333333333
0.0
0.0
12.5425554837
6.2091503268
6.27450980392
0.0
20.9150326797
23.7179487179
23.4432234432
0.0
0.0
0.0
18.6084177261
16.6666666667
0.0
18.4981684982
19.1391941392
25.6868131868
0.0
0.0
30.7692307692
0.130718954248
0.0
0.0653594771242
0.0
6.60130718954
25.4578754579
5.81699346405
1.83006535948
0.0
0.0
6.27450980392
6.40522875817
0.0
4.90196078431
6.66666666667
7.77777777778
31.8223443223
0.0
15.0499174029
0.0
