36.7872647096
12.2808441558
27.0405594881
16.8044077135
20.84788725
8.40220385675
27.2582449407
13.5674931129
36.1794793492
43.0716754828
0.0
30.2169421488
12.8529614325
31.5014378483
16.1821409159
10.3080334532
35.711186941
43.0654294158
20.007002866
40.0956929672
21.750152874
36.1767020858
36.2574738416
16.3195345217
24.1373460992
42.5355007474
38.4569888569
14.2346763085
48.1182494186
14.5833333333
20.4794732584
53.5090852782
17.4301875255
24.7033973807
27.6143775711
24.9965062879
38.237879382
23.0862178656
24.9188327758
0.0
28.9705688292
25.5457911772
24.0683177062
19.3437766371
13.5674931129
18.9614371394
47.5575758026
44.9538267554
23.5371962594
32.1400665851
48.4992303428
0.0
34.5599351135
30.8568898319
3.59848484848
38.7704509284
14.5833333333
19.570655598
18.4362993984
0.137741046832
37.0534383762
42.5355007474
38.0389110021
53.6439236132
35.7849541069
14.6005509642
24.0358126722
33.7494904199
15.7541322314
39.9103139013
42.5355007474
41.3494883317
27.5888792635
38.3982423137
5.16930412976
16.7232802444
33.0283127483
14.4628099174
0.0
5.30303030303
24.9385415509
35.6449123821
14.8272369022
11.5013774105
35.0749391592
34.3167298779
38.8919992825
35.4219747928
14.5833333333
21.6244950524
21.6633312332
38.188030206
3.23691460055
8.40220385675
0.0
39.3758065028
12.5
40.2496154577
37.0152174395
13.153961136
38.4608613282
38.0984323207
22.5133418871
16.2620523416
15.4322088599
21.3240358127
31.2524527953
41.1155276084
23.766082657
54.7583870361
20.3168044077
40.5057064148
1.58402203857
22.9685897911
7.36914600551
37.4065328611
0.0
41.8628550075
23.0233696525
31.5922623467
34.8812443913
14.5833333333
21.9450672646
31.25
21.8501772721
41.2645075656
13.6525974026
34.0333076457
32.4116303166
25.7346023412
7.36914600551
38.3422391226
39.7732967538
17.8667193795
11.5013774105
37.4355633757
37.1496846412
26.5068129316
31.7612787063
52.4668786481
24.5905005371
42.9549599294
15.9379671151
21.9622848954
33.5347332889
14.5833333333
27.3471954564
35.3608444823
41.2652772279
40.629671151
24.8876428532
31.25
15.8602947535
30.2551606567
17.8374655647
45.702283785
0.0
31.25
34.2050805239
26.0411455052
22.9112620292
7.19357249626
0.0
14.5833333333
10.3820698173
18.6685829967
32.3001390879
23.768109396
0.0
36.519058296
14.6005509642
5.79732300584
19.6145103707
40.0317638266
0.0
23.2675434533
39.8788860877
36.0999286588
44.8216954943
37.4083253067
27.8743973906
24.2777088043
37.4832563615
36.6925677399
25.8519794861
28.3501670662
31.25
29.5592286501
8.66625900258
40.0996366396
24.1774891775
20.4129297459
30.2597402597
40.4054559043
28.5498817156
38.0189524479
42.5355007474
11.4537007869
22.9908839207
29.7979283252
18.0306427504
14.86460611
9.48096949931
23.0421134415
12.4225206612
14.5833333333
34.8606066783
40.3307174888
25.2362212628
14.5833333333
40.1106728122
24.7024361017
30.5099507097
41.7630008785
2.20385674931
40.0439470146
2.92854142732
11.6219008264
17.6222451791
43.9696369
38.0006615593
0.0
12.5344352617
17.7083333333
36.508249021
16.1243112948
38.0228249192
19.6827632213
10.4683195592
23.3677608741
39.7411208811
8.87568870523
33.2506423798
43.440706709
35.1309316127
14.6005509642
0.0
36.4405140083
27.1096230343
9.77405526937
31.8011958146
21.1642515658
26.9707624554
33.6404532647
29.2613636364
12.5688705234
37.6395393543
39.965154427
17.4406107549
7.8288490284
31.8810300313
38.3519746285
16.7785812672
17.3016343624
39.4683338199
40.1858555636
33.8043860949
0.0
14.5833333333
23.8499330254
0.0
19.6103896104
18.3640316743
24.5439173684
11.5013774105
38.260665528
27.8421527455
44.1047436334
40.0317638266
13.5416666667
38.779365768
11.5013774105
26.2505084808
31.0921845854
20.641082657
14.5833333333
26.0416666667
17.9608457177
29.9299945027
13.2997705345
37.002940041
36.4335106054
41.3010082988
46.2646658443
27.651313692
25.614275655
0.0
4.47658402204
22.5464876033
14.2532467532
13.0342098111
14.5833333333
28.7935150527
34.6316705549
32.2855285427
66.2251174113
36.0332585949
33.0323778589
9.43526170799
35.1977595461
