16.6666666667
55.2391204647
16.6666666667
50.3696579019
16.6666666667
53.8587953526
21.0918243103
16.6666666667
20.9423474792
20.643393817
54.1577490148
16.6666666667
16.6666666667
16.6666666667
43.9255928115
54.7855941704
39.9258136296
19.821271246
49.1812746297
20.7181322326
21.1766050229
14.1832229581
47.9179406169
16.6666666667
20.7181322326
15.6732891832
16.6666666667
16.6666666667
20.1949633237
16.6666666667
16.6666666667
16.6666666667
15.6732891832
16.6666666667
16.6666666667
55.2140661095
33.4414067808
50.0
16.6666666667
51.2444370838
16.6666666667
16.6666666667
53.4301110885
24.4663306526
16.6666666667
16.6666666667
47.5315090366
16.6666666667
16.6666666667
14.0728476821
49.158768175
16.6666666667
21.2039319336
16.6666666667
35.0647732935
13.9072847682
16.6666666667
43.0907307379
16.6666666667
44.4837953526
16.6666666667
16.6666666667
16.6666666667
42.7976256655
16.6666666667
33.3333333333
16.6666666667
15.6732891832
16.6666666667
16.6666666667
16.6666666667
16.6666666667
55.6427503737
26.4672818688
20.979716687
21.9987275939
16.6666666667
48.3888775649
21.5028855958
16.6666666667
19.0771349862
22.6340041261
16.6666666667
54.1177863226
16.6666666667
16.6666666667
16.6666666667
47.3820322055
20.4035874439
45.7770671966
16.6666666667
54.932523101
21.4281471802
16.6666666667
30.3511861029
17.1306882864
16.6666666667
16.6666666667
50.0
16.6666666667
15.6732891832
16.6666666667
16.6666666667
48.7252004348
16.6666666667
50.0781356163
21.9613583861
16.6666666667
16.6666666667
16.6666666667
20.9366391185
16.6666666667
54.2127412013
53.7190854736
16.6666666667
16.6666666667
3.7527593819
16.6666666667
20.9523897763
42.9438018073
21.5028855958
42.8017563528
53.3904063052
16.6666666667
22.2229428406
37.9095750102
19.9333788693
16.6666666667
16.6666666667
16.6666666667
33.7227760689
15.6732891832
54.7458893871
15.6732891832
16.6666666667
15.6732891832
16.6666666667
16.6666666667
45.7993613263
16.6666666667
16.6666666667
30.9073073787
21.5502971006
16.6666666667
16.6666666667
16.6666666667
16.6666666667
40.8192090395
31.2936180323
41.5955377769
38.9461458758
15.6732891832
39.9101015763
16.6666666667
16.6666666667
16.6666666667
16.6666666667
21.1665627258
21.3907779725
0.0
44.5710609458
16.6666666667
58.3258479758
16.6666666667
54.932735426
20.7181322326
55.278825248
20.9897589841
53.7267291752
16.6666666667
49.6721701318
20.2697017393
42.5076861666
16.6666666667
16.6666666667
16.6666666667
16.6666666667
16.6666666667
47.3011363636
20.7181322326
16.6666666667
16.6666666667
15.6732891832
32.4766210824
16.6666666667
20.307070947
20.5312861937
53.6042176247
16.6666666667
46.3376053132
16.6666666667
32.2496263079
21.1665627258
16.6666666667
45.149009716
20.2697017393
47.5140983829
16.6666666667
15.6732891832
16.6666666667
15.6732891832
16.6666666667
16.6666666667
21.4281471802
44.9150275173
20.4191785704
48.8024867509
21.1766050229
16.6666666667
6.34657836645
16.6666666667
28.8863976084
16.6666666667
21.1665627258
45.7581702677
20.643393817
16.6666666667
16.6666666667
54.8204154776
13.7969094923
16.6666666667
16.6666666667
15.6732891832
55.0822122571
16.6666666667
50.6189275037
20.7181322326
55.4979446936
16.6666666667
16.6666666667
15.6732891832
21.2139742307
16.6666666667
21.3160395569
26.5793894921
54.3246364995
15.6732891832
52.7748760022
16.6666666667
16.6666666667
11.2030905077
16.6666666667
16.6666666667
25.3088364279
16.6666666667
16.6666666667
21.2039319336
16.6666666667
51.3917906645
49.2509172442
16.6666666667
16.6666666667
50.6289067808
16.6666666667
16.6666666667
55.0448430493
54.2023372741
20.0454864926
16.6666666667
19.821271246
31.4676524725
16.6666666667
16.6666666667
48.5321969697
22.1855736328
49.5112277483
14.1832229581
16.6666666667
54.8206278027
34.1774891775
21.3160395569
16.6666666667
20.979716687
16.6666666667
52.3035144041
16.6666666667
16.6666666667
16.6666666667
16.6666666667
46.7463310232
21.2257100149
16.6666666667
16.6666666667
16.6666666667
16.8044077135
16.6666666667
21.5129278929
53.908479413
20.4939169859
16.6666666667
20.4939169859
31.2936180323
16.6666666667
16.6666666667
2.86975717439
21.3160395569
16.6666666667
16.6666666667
16.6666666667
5.51876379691
