24.515503876
25.9548611111
25.9548611111
21.4409722222
32.8993055556
18.4461805556
13.3680555556
41.109496124
16.6666666667
33.3333333333
32.0413436693
17.5347222222
16.6666666667
46.1967054264
26.4756944444
23.3072916667
21.6377987726
22.8452672379
50.0
33.3333333333
46.459247076
21.6145833333
39.5399305556
16.6666666667
16.796875
29.201994509
29.2655846253
26.3020833333
16.6666666667
23.0034722222
47.9166666667
30.3819444444
25.1736111111
25.9982638889
31.3145994832
0.0
20.0520833333
33.3333333333
21.484375
19.0972222222
16.6666666667
57.3647660819
23.195251938
5.68576388889
21.4409722222
16.9528034979
24.7395833333
21.6145833333
16.6666666667
30.0925925926
28.0285493827
62.6210709064
16.6666666667
16.6666666667
18.5763888889
52.7206688596
54.0021929825
35.6710271318
25.6994912791
26.1284722222
18.4461805556
69.0104166667
24.0794573643
23.3072916667
18.0812757202
39.5833333333
42.5702094383
21.5277777778
22.6996527778
22.5260416667
31.910125969
53.0153508772
0.0
50.6693165205
17.4672067901
30.078125
49.1844846491
30.3314760982
23.4809027778
23.1770833333
18.6631944444
25.5329457364
25.1028806584
17.1440972222
21.6145833333
44.0972222222
16.6666666667
31.3760213298
16.6666666667
25.9982638889
48.3940972222
37.2335271318
0.0
40.6378600823
23.3072916667
57.8741776316
30.2469135802
21.7881944444
23.3072916667
24.5659722222
30.0347222222
33.3333333333
62.6484831871
34.8211401809
16.6666666667
33.2288451646
34.2185481266
21.5711805556
13.8808139535
53.3420138889
16.6666666667
61.5794042398
0.0
21.484375
20.9892618313
16.6666666667
16.6666666667
24.7819767442
33.3333333333
21.863747428
33.3333333333
19.8784722222
19.7482638889
26.4211886305
0.0
16.6666666667
38.7104552469
21.6145833333
23.0499031008
16.6666666667
36.2847222222
18.9670138889
25.78125
18.8802083333
21.6579861111
61.6160385532
26.5625
26.9864341085
5.46875
32.7639008518
21.5277777778
22.5694444444
26.9500968992
27.7777777778
25.5692829457
33.9086724806
30.4425064599
27.3148148148
33.3333333333
24.515503876
31.0178456072
64.8231907895
56.9216008772
38.1510416667
25.4360465116
30.7311854005
26.1284722222
16.6666666667
34.4537306202
30.6998950258
16.6666666667
19.7775355297
25.9548611111
40.6007751938
19.5746527778
25.605620155
22.6128472222
16.6666666667
16.6666666667
20.1613940329
16.6666666667
40.6684027778
0.0
21.5277777778
26.505125459
25.9548611111
21.6145833333
24.9389146091
27.5607638889
16.6666666667
22.265625
20.0954861111
20.3993055556
30.1215277778
30.5757428941
16.6666666667
18.6230066872
25.9548611111
43.5192799708
36.4583333333
6.42361111111
16.6666666667
16.9720936214
16.6666666667
29.9479166667
25.9548611111
16.6666666667
23.0902777778
57.3533442982
19.3142361111
49.1091008772
16.6666666667
43.8226744186
61.3852339181
25.9548611111
26.8229166667
32.8054344315
18.2493540052
21.7447916667
26.5625
21.6579861111
26.0850694444
16.5139531893
23.5612782922
16.6666666667
16.6666666667
21.7447916667
49.0451388889
12.4582047325
23.3072916667
41.4609053498
19.53125
23.046875
25.525880168
33.3333333333
42.8819444444
5.59895833333
29.7743055556
16.6666666667
21.7013888889
0.0
35.4351008942
34.360868863
29.7309027778
16.6666666667
24.3168081276
58.8199013158
25.7378472222
16.6666666667
25.8246527778
56.1746162281
30.9118620801
59.1237207602
22.5163966049
26.0416666667
16.6666666667
34.8695897933
21.4409722222
16.4609053498
28.3854166667
16.0590277778
21.5711805556
19.2708333333
32.542999031
33.3192021964
42.7083333333
25.9548611111
20.7889211886
26.0850694444
34.7559799383
26.0416666667
23.8129844961
28.6004118217
26.0850694444
16.6666666667
26.5528549383
35.2864583333
25.9548611111
27.2135416667
21.484375
35.0472580479
23.2204861111
23.4784590473
45.2519379845
25.3997093023
23.0902777778
29.1242732558
18.2146990741
23.5243055556
34.3992248062
26.6462774548
10.0871270576
22.6996527778
57.9906798246
42.8787294239
25.9548611111
16.6666666667
59.882127193
16.6666666667
30.2469135802
28.1270187339
17.3611111111
44.8462708595
20.1388888889
23.4375
39.8871527778
20.7122093023
22.9166666667
17.6649305556
23.3072916667
