13.3554083885
13.3554083885
0.0
13.3554083885
13.3554083885
0.993377483444
22.1550855992
31.2925170068
13.3554083885
13.3554083885
13.3554083885
44.1889270769
4.74613686534
13.3554083885
13.3554083885
58.0080974988
13.3554083885
13.3554083885
8.3885209713
13.3554083885
0.0
13.3554083885
13.3554083885
32.4438327963
29.6368878677
15.0110375276
13.3554083885
13.3554083885
13.3554083885
13.3554083885
36.4460257787
42.0139975426
15.0110375276
15.0110375276
20.3136987878
26.0416666667
0.110375275938
47.9591836735
13.3554083885
13.3554083885
13.3554083885
38.8453870974
13.3554083885
0.0
13.3554083885
13.3554083885
39.7517315083
15.0110375276
13.3554083885
13.3554083885
13.3554083885
13.3554083885
13.3554083885
13.3554083885
44.7623798299
10.0441501104
23.8419709989
13.3554083885
32.6441513218
6.40176600442
13.3554083885
13.3554083885
0.0
13.3554083885
13.3554083885
10.0441501104
13.3554083885
39.8020839756
13.3554083885
13.3554083885
0.0
13.3554083885
13.3554083885
13.3554083885
13.3554083885
13.3554083885
13.3554083885
13.3554083885
43.8983476782
13.3554083885
13.3554083885
0.0
15.0110375276
13.3554083885
13.3554083885
13.3554083885
15.0110375276
13.3554083885
42.6428428632
0.0
31.2925170068
13.3554083885
13.3554083885
13.3554083885
13.3554083885
13.3554083885
13.3554083885
17.2983479106
29.3070047568
13.3554083885
19.298245614
13.3554083885
41.0105431901
13.3554083885
0.0
47.9591836735
5.29801324503
38.9212827988
13.3554083885
13.3554083885
13.3554083885
32.6631310419
13.3554083885
13.3554083885
10.0441501104
13.3554083885
32.3341836735
13.3554083885
13.3554083885
13.3554083885
13.3554083885
45.4152003021
13.3554083885
13.3554083885
57.0433266099
13.3554083885
13.3554083885
42.4846279868
0.0
13.3554083885
13.3554083885
13.3554083885
0.0
13.3554083885
6.95364238411
13.3554083885
13.3554083885
13.3554083885
0.0
44.4782277687
13.3554083885
15.0110375276
26.2569897175
26.69892205
15.0110375276
15.0110375276
13.3554083885
57.2757113204
19.1885964912
31.2925170068
43.2001321428
15.0110375276
43.0904830199
13.3554083885
31.2925170068
43.3219569897
13.3554083885
13.3554083885
8.3885209713
15.0110375276
13.3554083885
13.3554083885
13.3554083885
13.3554083885
1.4348785872
4.96688741722
13.3554083885
4.96688741722
36.1277880641
10.0441501104
13.3554083885
32.9920784103
13.3554083885
33.9240959542
15.0110375276
16.8680765358
13.3554083885
43.7506029387
13.3554083885
5.29801324503
4.74613686534
13.3554083885
48.1281783875
13.3554083885
31.2925170068
13.3554083885
15.0110375276
58.5707826506
2.75938189845
43.7017397208
13.3554083885
4.96688741722
13.3554083885
13.3554083885
16.9096209913
13.3554083885
39.6510265738
5.29801324503
13.3554083885
10.0441501104
19.024122807
13.3554083885
0.0
4.74613686534
43.5183941998
10.0441501104
13.3554083885
13.3554083885
13.3554083885
13.3554083885
0.0
13.3554083885
13.3554083885
13.3554083885
17.1039844509
32.1697099893
13.3554083885
43.1819520974
13.3554083885
58.3172587119
13.3554083885
13.3554083885
13.3554083885
10.0441501104
6.73289183223
5.40838852097
33.75962227
13.3554083885
13.3554083885
15.0110375276
0.0
44.987173425
13.3554083885
32.369335077
13.3554083885
13.3554083885
31.2925170068
40.2058975124
13.3554083885
13.3554083885
13.3554083885
19.4627192982
15.0110375276
13.3554083885
13.3554083885
37.083050743
7.06401766004
51.1427161909
13.3554083885
57.6299401936
13.3554083885
32.1697099893
25.177740269
44.1812615956
39.0467969665
46.1350449588
13.3554083885
44.6476807848
30.3395106351
31.2925170068
16.9096209913
13.3554083885
56.6498994722
13.3554083885
13.3554083885
48.2220740916
13.3554083885
20.0906344411
13.3554083885
13.3554083885
45.296879344
57.2000715535
15.0110375276
57.5221888496
4.30463576159
46.1764379124
13.3554083885
0.0
13.3554083885
15.0110375276
15.0110375276
36.2267275331
13.3554083885
13.3554083885
32.3341836735
13.3554083885
26.5907114726
13.3554083885
31.2925170068
13.3554083885
13.3554083885
24.663900951
13.3554083885
13.3554083885
31.2925170068
13.3554083885
8.3885209713
13.3554083885
19.1339375629
13.3554083885
