21.978021978
0.0
0.0
26.7475035663
0.0
0.0
0.0
0.0
0.0
0.0
38.8235294118
12.2681883024
33.3333333333
0.0
0.0
0.0
0.0
20.1465201465
7.25154541132
0.0
0.0
0.0
26.0989010989
2.71041369472
0.0
0.0
9.21052631579
0.0
0.0
12.1968616262
37.908496732
0.0
0.0
0.0
0.0
0.0
10.6990014265
0.0
0.0
0.0
38.0392156863
25.653827865
0.0
0.0
0.0
0.0
25.0
0.0
25.2971944841
0.0
0.0
24.9084249084
0.0
0.0
0.0
20.6043956044
0.0
0.0
25.4578754579
25.4873989539
0.0
13.5477582846
4.04483430799
0.0
0.0
33.3333333333
0.0
10.9605325725
0.0
0.0
0.0
0.0
0.0
0.0
38.0392156863
0.0
0.0
38.3006535948
12.3157394199
26.8315018315
25.0915750916
0.0
0.0
27.6985259154
0.0
0.0
0.0
27.4845458868
0.0
0.0
0.0
0.0
33.3333333333
0.0
0.0
0.0
0.0
0.0
38.8235294118
0.0
20.2380952381
0.0
0.0
28.2051282051
0.0
0.0
0.0
0.0
0.0
29.2439372325
11.697574893
0.0
0.0
0.0
38.8235294118
9.39134569662
0.0
25.8678078935
25.8440323348
0.0
0.0
33.3333333333
6.41025641026
0.0
0.0
2.28245363766
20.0549450549
0.0
20.5128205128
0.0
16.6666666667
26.2820512821
0.0
0.0
27.6556776557
0.0
0.0
0.0
0.0
0.0
13.3618640038
0.0
11.1269614836
0.0
21.6117216117
21.0622710623
0.0
25.7326007326
27.7936281503
0.0
0.0
22.4358974359
0.0
0.0
12.5059438897
33.3333333333
0.0
0.0
0.0
0.0
0.0
0.0
0.0
25.4578754579
0.0
0.0
0.0
0.0
0.0
0.0
20.7875457875
0.0
21.336996337
0.974658869396
0.0
0.0
0.0
6.38401559454
0.0
0.0
0.0
0.0
21.336996337
0.0
27.9838326201
0.0
0.0
39.6078431373
0.0
0.0
0.0
26.1904761905
0.682261208577
12.2444127437
7.45614035088
0.0
0.0
0.0
30.2144249513
0.0
0.0
0.0
0.0
0.0
0.0
0.0
13.2192106515
0.0
0.0
0.0
0.0
0.0
26.0989010989
16.6666666667
0.0
0.0
25.9153590109
22.619047619
0.0
0.0
0.0
0.0
16.6666666667
29.3865905849
38.8235294118
0.0
0.0
0.0
0.0
0.0
0.0
27.0803613885
12.3157394199
25.4160722777
0.0
0.0
23.0994152047
0.0
0.0
0.0
0.0
12.1730860675
0.0
0.0
27.8411792677
0.0
0.0
0.0
37.908496732
0.0
22.0695970696
0.0
26.5567765568
0.0
23.1684981685
26.1904761905
0.0
0.0
0.0
0.0
0.0
26.9230769231
0.0
1.12085769981
0.0
9.272467903
7.16374269006
0.0
25.5494505495
0.0
0.0
0.0
0.0
0.0
0.0
26.2820512821
12.2444127437
0.0
0.0
0.0
0.0
26.1293390395
0.0
0.0
0.0
0.487329434698
26.2820512821
14.6198830409
12.1730860675
20.2380952381
0.0
9.43889681408
0.0
0.0
0.0
0.0
0.0
21.5201465201
0.0
0.0
