0.0
0.0
0.0
0.0
0.0
0.0
0.0
0.0
0.0
0.0
0.0
0.0
0.0
0.0
0.0
0.0
0.0
7.00096899225
0.0
0.0
10.1259689922
0.0
13.9534883721
0.0
10.7800387597
0.0
0.0
0.0
0.0
0.0
0.0
0.0
0.0
0.0
0.0
0.0
0.0
0.0
0.0
11.5067829457
0.0
0.0
0.0
0.0
0.0
0.0
0.0
0.0
0.0
0.0
0.0
0.0
0.0
0.0
0.0
0.0
0.0
0.0
0.0
0.0
0.0
0.0
46.0731907895
0.0
32.0251937984
6.85562015504
0.0
0.0
0.0
0.0
0.0
0.0
0.0
0.0
0.0
0.0
0.0
0.0
0.0
0.0
0.0
32.5793362403
0.0
0.0
0.0
12.9360465116
0.0
0.0
0.0
0.0
0.0
0.0
0.0
7.07364341085
0.0
0.0
0.0
0.0
0.0
8.50290697674
0.0
0.0
0.0
0.0
0.0
38.6082848837
0.0
37.1174499354
0.0
8.74515503876
0.0
0.0
0.0
0.0
18.2693918078
0.0
0.0
0.0
0.0
0.0
12.863372093
0.0
0.0
0.0
0.0
0.0
0.0
0.0
0.0
0.0
0.0
0.0
0.0
0.0
0.0
0.0
0.0
0.0
0.0
0.0
0.0
0.0
0.0
0.0
0.0
0.0
8.55135658915
0.0
0.0
0.0
0.0
0.0
0.0
0.0
0.0
0.0
0.0
0.0
0.0
0.0
0.0
25.2170138889
0.0
0.0
0.0
0.0
0.0
0.0
0.0
0.0
15.4069767442
0.0
0.0
0.0
0.0
0.0
0.0
7.94573643411
0.0
0.0
0.0
0.0
0.0
17.4221217341
14.3895348837
0.0
0.0
0.0
0.0
0.0
0.0
0.0
0.0
0.0
0.0
0.0
0.0
0.0
0.0
0.0
0.0
0.0
0.0
0.0
0.0
0.0
0.0
0.0
0.0
0.0
0.0
0.0
0.0
0.0
0.0
0.0
0.0
0.0
8.30910852713
0.0
0.0
19.1106804479
0.0
0.0
0.0
0.0
0.0
8.33333333333
0.0
0.0
0.0
0.0
0.0
0.0
0.0
0.0
0.0
0.0
0.0
0.0
7.67926356589
0.0
0.0
0.0
0.0
0.0
0.0
26.171875
0.0
37.3697916667
0.0
0.0
0.0
11.9428294574
0.0
0.0
0.0
6.3226744186
0.0
0.0
0.0
0.0
0.0
0.0
0.0
0.0
0.0
7.38856589147
0.0
0.0
0.0
0.0
0.0
0.0
0.0
0.0
0.0
0.0
0.0
0.0
0.0
0.0
0.0
0.0
0.0
0.0
0.0
0.0
0.0
0.0
0.0
0.0
0.0
0.0
0.0
0.0
0.0
0.0
0.0
0.0
